,Lineups,Team,GP,Min,PTS,FGM,FGA,FG%,3PM,3PA,3P%,FTM,FTA,FT%,OREB,DREB,REB,AST,TOV,STL,BLK,BLKA,PF,PFD,+/-
1,B. Beal - R. Neto - I. Bonga - D. Gafford - D. Avdija,WAS,1,86.7,0.0,0.0,200.0,0.0,0.0,0.0,0.0,0.0,0.0,0.0,0.0,100.0,100.0,0.0,0.0,0.0,0.0,100.0,100.0,0.0,-100.0
2,R. Lopez - I. Smith - D. Bertans - R. Neto - T. Brown Jr.,WAS,1,75.0,300.0,100.0,100.0,100,100.0,100.0,100,0.0,0.0,0.0,0.0,0.0,0.0,100.0,0.0,100.0,0.0,0.0,100.0,0.0,0.0
3,D. Bertans - B. Beal - J. Robinson - M. Wagner - I. Bonga,WAS,1,74.4,66.7,33.3,100.0,33.3,0.0,0.0,0.0,0.0,0.0,0.0,33.3,0.0,33.3,0.0,66.7,0.0,0.0,0.0,33.3,0.0,-133.3
4,R. Westbrook - D. Bertans - B. Beal - R. Neto - M. Wagner,WAS,1,68.3,0.0,0.0,0.0,0.0,0.0,0.0,0.0,0.0,0.0,0.0,0.0,0.0,0.0,0.0,100.0,0.0,0.0,0.0,0.0,0.0,-200.0
5,B. Beal - J. Bell - I. Bonga - G. Mathews - C. Winston,WAS,1,67.9,150.0,50.0,100.0,50.0,0.0,25.0,0.0,50.0,50.0,100,25.0,0.0,25.0,50.0,0.0,0.0,0.0,25.0,0.0,25.0,-150.0
6,I. Smith - B. Beal - R. Hachimura - G. Mathews - A. Gill,WAS,1,66.7,200.0,80.0,100.0,80.0,0.0,0.0,0.0,40.0,60.0,66.7,20.0,40.0,60.0,40.0,0.0,0.0,0.0,0.0,0.0,60.0,80.0
7,R. Westbrook - B. Beal - A. Len - T. Brown Jr. - R. Hachimura,WAS,1,66.7,133.3,66.7,166.7,40.0,0.0,33.3,0.0,0.0,0.0,0.0,66.7,66.7,133.3,33.3,0.0,0.0,0.0,0.0,33.3,0.0,66.7
8,R. Lopez - T. Brown Jr. - J. Robinson - I. Bonga - D. Avdija,WAS,1,66.2,0.0,0.0,0.0,0.0,0.0,0.0,0.0,0.0,0.0,0.0,0.0,100.0,100.0,0.0,100.0,0.0,0.0,0.0,0.0,0.0,0.0
9,R. Westbrook - D. Bertans - B. Beal - A. Len - A. Gill,WAS,2,66.1,100.0,33.3,100.0,33.3,0.0,33.3,0.0,33.3,33.3,100,0.0,33.3,33.3,33.3,0.0,0.0,0.0,0.0,66.7,33.3,-166.7
10,R. Westbrook - R. Lopez - C. Hutchison - J. Robinson - R. Hachimura,WAS,2,66.1,200.0,100.0,166.7,60.0,0.0,0.0,0.0,0.0,0.0,0.0,66.7,33.3,100.0,0.0,0.0,0.0,0.0,0.0,66.7,33.3,33.3
11,R. Westbrook - B. Beal - R. Neto - C. Hutchison - R. Hachimura,WAS,2,65.5,0.0,0.0,100.0,0.0,0.0,100.0,0.0,0.0,0.0,0.0,0.0,0.0,0.0,0.0,0.0,0.0,0.0,0.0,100.0,0.0,-400.0
12,I. Smith - R. Neto - C. Hutchison - D. Gafford - A. Gill,WAS,1,65.4,75.0,25.0,75.0,33.3,25.0,50.0,50.0,0.0,0.0,0.0,0.0,0.0,0.0,0.0,25.0,0.0,0.0,0.0,0.0,0.0,-75.0
13,R. Lopez - B. Beal - R. Neto - I. Bonga - D. Avdija,WAS,1,65.0,200.0,100.0,150.0,66.7,0.0,0.0,0.0,0.0,0.0,0.0,50.0,50.0,100.0,0.0,0.0,0.0,0.0,0.0,50.0,0.0,-50.0
14,I. Smith - C. Hutchison - R. Hachimura - D. Gafford - G. Mathews,WAS,1,64.4,133.3,33.3,66.7,50.0,0.0,33.3,0.0,66.7,100.0,66.7,0.0,33.3,33.3,33.3,0.0,0.0,33.3,0.0,0.0,66.7,0.0
15,R. Lopez - D. Bertans - B. Beal - R. Hachimura - D. Avdija,WAS,1,63.3,200.0,100.0,100.0,100,0.0,0.0,0.0,0.0,0.0,0.0,0.0,0.0,0.0,0.0,0.0,0.0,100.0,0.0,0.0,100.0,200.0
16,R. Westbrook - D. Bertans - R. Neto - D. Avdija - A. Gill,WAS,1,62.9,125.0,50.0,150.0,33.3,25.0,50.0,50.0,0.0,0.0,0.0,50.0,25.0,75.0,0.0,0.0,0.0,0.0,50.0,0.0,25.0,0.0
17,B. Beal - R. Neto - T. Brown Jr. - M. Wagner - R. Hachimura,WAS,1,62.8,66.7,33.3,100.0,33.3,0.0,33.3,0.0,0.0,0.0,0.0,0.0,33.3,33.3,0.0,0.0,33.3,0.0,33.3,33.3,0.0,-66.7
18,I. Smith - C. Hutchison - G. Mathews - D. Avdija - A. Gill,WAS,1,62.1,50.0,25.0,175.0,14.3,0.0,75.0,0.0,0.0,0.0,0.0,50.0,50.0,100.0,0.0,0.0,25.0,0.0,50.0,0.0,25.0,0.0
19,R. Westbrook - A. Len - J. Robinson - G. Mathews - C. Winston,WAS,1,61.8,150.0,50.0,100.0,50.0,50.0,75.0,66.7,0.0,0.0,0.0,0.0,25.0,25.0,50.0,0.0,25.0,0.0,0.0,25.0,0.0,-75.0
20,D. Bertans - B. Beal - A. Len - R. Neto - I. Bonga,WAS,1,61.7,25.0,0.0,100.0,0.0,0.0,50.0,0.0,25.0,50.0,50.0,25.0,50.0,75.0,0.0,0.0,0.0,25.0,0.0,50.0,25.0,-150.0
21,R. Lopez - I. Smith - B. Beal - T. Brown Jr. - G. Mathews,WAS,1,61.7,133.3,66.7,66.7,100,0.0,0.0,0.0,0.0,0.0,0.0,0.0,33.3,33.3,0.0,0.0,0.0,0.0,0.0,33.3,0.0,-33.3
22,R. Westbrook - B. Beal - R. Neto - R. Hachimura - I. Bonga,WAS,3,61.3,0.0,0.0,50.0,0.0,0.0,50.0,0.0,0.0,0.0,0.0,0.0,50.0,50.0,0.0,0.0,0.0,0.0,0.0,50.0,0.0,-300.0
23,J. Bell - J. Robinson - G. Mathews - C. Winston - A. Gill,WAS,1,60.8,0.0,0.0,100.0,0.0,0.0,100.0,0.0,0.0,0.0,0.0,0.0,50.0,50.0,0.0,0.0,0.0,0.0,0.0,0.0,0.0,-150.0
24,A. Len - C. Hutchison - J. Robinson - R. Hachimura - C. Winston,WAS,1,60.6,233.3,66.7,66.7,100,33.3,33.3,100,66.7,66.7,100,0.0,33.3,33.3,33.3,0.0,0.0,0.0,0.0,33.3,33.3,133.3
25,R. Westbrook - I. Smith - D. Bertans - A. Len - C. Hutchison,WAS,1,60.5,0.0,0.0,100.0,0.0,0.0,100.0,0.0,0.0,0.0,0.0,0.0,100.0,100.0,0.0,0.0,0.0,0.0,0.0,0.0,0.0,-200.0
26,R. Lopez - I. Smith - D. Bertans - B. Beal - I. Bonga,WAS,1,60.4,100.0,50.0,100.0,50.0,0.0,50.0,0.0,0.0,0.0,0.0,0.0,25.0,25.0,25.0,0.0,0.0,0.0,0.0,50.0,0.0,-75.0
27,R. Lopez - D. Bertans - R. Neto - T. Brown Jr. - D. Avdija,WAS,1,60.0,275.0,75.0,75.0,100,50.0,50.0,100,75.0,75.0,100,0.0,0.0,0.0,50.0,0.0,0.0,0.0,0.0,0.0,50.0,0.0
28,T. Brown Jr. - M. Wagner - R. Hachimura - G. Mathews - D. Avdija,WAS,1,59.7,300.0,100.0,100.0,100,100.0,100.0,100,0.0,0.0,0.0,0.0,0.0,0.0,100.0,0.0,0.0,0.0,0.0,100.0,0.0,-200.0
29,I. Smith - B. Beal - M. Wagner - R. Hachimura - D. Avdija,WAS,3,59.4,116.7,33.3,100.0,33.3,0.0,0.0,0.0,50.0,50.0,100,0.0,16.7,16.7,16.7,0.0,0.0,0.0,16.7,50.0,33.3,-50.0
30,B. Beal - A. Len - R. Neto - J. Bell - G. Mathews,WAS,1,58.9,266.7,100.0,100.0,100,66.7,66.7,100,0.0,0.0,0.0,0.0,0.0,0.0,100.0,0.0,0.0,0.0,0.0,33.3,0.0,33.3
31,R. Lopez - B. Beal - J. Robinson - G. Mathews - C. Winston,WAS,1,58.9,166.7,66.7,100.0,66.7,33.3,33.3,100,0.0,0.0,0.0,0.0,33.3,33.3,66.7,0.0,0.0,0.0,0.0,33.3,33.3,100.0
32,I. Smith - B. Beal - R. Neto - R. Hachimura - D. Gafford,WAS,1,57.8,133.3,66.7,133.3,50.0,0.0,33.3,0.0,0.0,33.3,0.0,66.7,33.3,100.0,0.0,33.3,0.0,0.0,0.0,33.3,33.3,66.7
33,R. Westbrook - R. Lopez - B. Beal - R. Neto - A. Gill,WAS,3,57.4,137.5,50.0,112.5,44.4,37.5,62.5,60.0,0.0,0.0,0.0,50.0,0.0,50.0,37.5,25.0,0.0,0.0,12.5,25.0,12.5,-62.5
34,B. Beal - A. Len - T. Brown Jr. - R. Hachimura - D. Avdija,WAS,1,57.2,83.3,33.3,83.3,40.0,0.0,16.7,0.0,16.7,33.3,50.0,16.7,0.0,16.7,0.0,16.7,16.7,0.0,0.0,33.3,16.7,-50.0
35,I. Smith - B. Beal - R. Neto - T. Bryant - T. Brown Jr.,WAS,1,57.1,50.0,25.0,100.0,25.0,0.0,25.0,0.0,0.0,0.0,0.0,0.0,75.0,75.0,25.0,0.0,0.0,0.0,0.0,25.0,0.0,-25.0
36,R. Westbrook - A. Len - R. Neto - J. Bell - J. Robinson,WAS,1,56.7,66.7,33.3,100.0,33.3,0.0,0.0,0.0,0.0,0.0,0.0,0.0,66.7,66.7,33.3,0.0,0.0,0.0,0.0,66.7,0.0,-66.7
37,R. Westbrook - D. Bertans - A. Len - I. Bonga - G. Mathews,WAS,1,56.7,0.0,0.0,50.0,0.0,0.0,0.0,0.0,0.0,0.0,0.0,0.0,0.0,0.0,0.0,50.0,0.0,0.0,0.0,50.0,0.0,-150.0
38,R. Westbrook - R. Lopez - I. Smith - R. Hachimura - G. Mathews,WAS,1,56.1,266.7,100.0,100.0,100,66.7,66.7,100,0.0,0.0,0.0,0.0,33.3,33.3,33.3,0.0,0.0,0.0,0.0,66.7,0.0,0.0
39,R. Westbrook - I. Smith - B. Beal - I. Bonga - D. Gafford,WAS,2,56.0,140.0,60.0,60.0,100,0.0,0.0,0.0,20.0,40.0,50.0,0.0,40.0,40.0,40.0,0.0,0.0,0.0,0.0,60.0,20.0,-20.0
40,R. Neto - M. Wagner - I. Bonga - G. Mathews - A. Gill,WAS,1,55.8,100.0,50.0,100.0,50.0,0.0,50.0,0.0,0.0,0.0,0.0,0.0,50.0,50.0,0.0,0.0,0.0,0.0,0.0,50.0,0.0,0.0
41,R. Westbrook - B. Beal - J. Bell - D. Gafford - D. Avdija,WAS,1,55.8,200.0,100.0,150.0,66.7,0.0,0.0,0.0,0.0,0.0,0.0,50.0,0.0,50.0,0.0,0.0,0.0,0.0,0.0,50.0,0.0,-100.0
42,R. Westbrook - I. Smith - D. Bertans - G. Mathews - A. Gill,WAS,1,55.8,75.0,25.0,100.0,25.0,25.0,50.0,50.0,0.0,0.0,0.0,0.0,50.0,50.0,25.0,0.0,25.0,0.0,0.0,25.0,0.0,0.0
43,A. Len - J. Robinson - R. Hachimura - D. Avdija - C. Winston,WAS,1,55.0,0.0,0.0,100.0,0.0,0.0,100.0,0.0,0.0,0.0,0.0,0.0,0.0,0.0,0.0,0.0,100.0,0.0,0.0,0.0,0.0,0.0
44,I. Smith - R. Neto - T. Brown Jr. - M. Wagner - I. Bonga,WAS,1,55.0,0.0,0.0,100.0,0.0,0.0,50.0,0.0,0.0,0.0,0.0,0.0,25.0,25.0,0.0,0.0,0.0,0.0,0.0,0.0,25.0,-50.0
45,R. Lopez - I. Smith - T. Brown Jr. - R. Hachimura - D. Avdija,WAS,1,55.0,0.0,0.0,166.7,0.0,0.0,66.7,0.0,0.0,0.0,0.0,66.7,33.3,100.0,0.0,0.0,33.3,0.0,0.0,0.0,0.0,-133.3
46,R. Westbrook - B. Beal - R. Neto - T. Bryant - T. Brown Jr.,WAS,1,55.0,200.0,100.0,100.0,100,0.0,0.0,0.0,0.0,100.0,0.0,0.0,0.0,0.0,100.0,0.0,0.0,0.0,0.0,200.0,100.0,100.0
47,R. Westbrook - D. Bertans - A. Len - R. Hachimura - D. Avdija,WAS,1,55.0,150.0,50.0,50.0,100,0.0,0.0,0.0,50.0,100.0,50.0,0.0,0.0,0.0,0.0,0.0,0.0,0.0,0.0,50.0,100.0,0.0
48,R. Lopez - I. Smith - B. Beal - R. Neto - J. Bell,WAS,1,54.8,150.0,62.5,75.0,83.3,25.0,25.0,100,0.0,0.0,0.0,0.0,37.5,37.5,50.0,25.0,12.5,0.0,0.0,25.0,0.0,12.5
49,B. Beal - R. Neto - T. Bryant - J. Robinson - I. Bonga,WAS,1,54.3,100.0,40.0,60.0,66.7,20.0,40.0,50.0,0.0,0.0,0.0,0.0,40.0,40.0,40.0,40.0,0.0,0.0,0.0,40.0,0.0,-80.0
50,D. Bertans - B. Beal - J. Robinson - M. Wagner - R. Hachimura,WAS,1,54.2,200.0,50.0,50.0,100,0.0,0.0,0.0,100.0,100.0,100,0.0,0.0,0.0,0.0,0.0,0.0,0.0,0.0,50.0,50.0,-100.0
51,R. Westbrook - R. Lopez - D. Bertans - R. Neto - T. Brown Jr.,WAS,1,54.2,100.0,50.0,50.0,100,0.0,0.0,0.0,0.0,0.0,0.0,0.0,0.0,0.0,50.0,0.0,0.0,0.0,0.0,0.0,0.0,-150.0
52,R. Westbrook - R. Neto - D. Gafford - G. Mathews - D. Avdija,WAS,1,54.2,200.0,100.0,200.0,50.0,0.0,100.0,0.0,0.0,0.0,0.0,100.0,50.0,150.0,0.0,0.0,0.0,50.0,0.0,0.0,0.0,200.0
53,R. Westbrook - R. Lopez - D. Bertans - R. Hachimura - A. Gill,WAS,1,53.9,100.0,50.0,116.7,42.9,0.0,16.7,0.0,0.0,0.0,0.0,0.0,50.0,50.0,33.3,0.0,0.0,0.0,16.7,33.3,0.0,0.0
54,R. Westbrook - R. Lopez - I. Smith - C. Hutchison - D. Avdija,WAS,1,53.9,66.7,33.3,133.3,25.0,0.0,0.0,0.0,0.0,0.0,0.0,33.3,33.3,66.7,0.0,0.0,0.0,0.0,0.0,0.0,33.3,-33.3
55,R. Westbrook - R. Lopez - I. Smith - R. Neto - J. Bell,WAS,1,53.5,60.0,30.0,90.0,33.3,0.0,10.0,0.0,0.0,0.0,0.0,10.0,50.0,60.0,10.0,20.0,10.0,0.0,10.0,40.0,0.0,20.0
56,I. Smith - B. Beal - R. Hachimura - D. Gafford - G. Mathews,WAS,1,53.3,0.0,0.0,100.0,0.0,0.0,50.0,0.0,0.0,0.0,0.0,0.0,50.0,50.0,0.0,0.0,0.0,0.0,0.0,100.0,0.0,-150.0
57,I. Smith - D. Bertans - A. Len - R. Hachimura - G. Mathews,WAS,1,53.3,200.0,100.0,100.0,100,0.0,0.0,0.0,0.0,0.0,0.0,0.0,100.0,100.0,0.0,0.0,0.0,0.0,0.0,0.0,100.0,200.0
58,R. Westbrook - D. Bertans - R. Neto - R. Hachimura - G. Mathews,WAS,1,53.3,66.7,33.3,100.0,33.3,0.0,33.3,0.0,0.0,0.0,0.0,33.3,33.3,66.7,0.0,33.3,0.0,0.0,0.0,33.3,0.0,-166.7
59,R. Westbrook - R. Lopez - D. Bertans - R. Hachimura - G. Mathews,WAS,1,53.3,0.0,0.0,100.0,0.0,0.0,66.7,0.0,0.0,0.0,0.0,0.0,0.0,0.0,0.0,0.0,0.0,0.0,0.0,33.3,0.0,-233.3
60,R. Lopez - B. Beal - R. Neto - T. Brown Jr. - D. Avdija,WAS,3,53.0,66.7,33.3,66.7,50.0,0.0,11.1,0.0,0.0,0.0,0.0,0.0,33.3,33.3,11.1,33.3,0.0,0.0,11.1,33.3,0.0,-77.8
61,A. Len - R. Neto - C. Hutchison - R. Hachimura - G. Mathews,WAS,1,52.9,200.0,100.0,100.0,100,0.0,0.0,0.0,0.0,0.0,0.0,0.0,0.0,0.0,25.0,0.0,0.0,0.0,0.0,0.0,0.0,0.0
62,R. Westbrook - R. Lopez - R. Hachimura - I. Bonga - G. Mathews,WAS,1,52.9,50.0,25.0,125.0,20.0,0.0,25.0,0.0,0.0,0.0,0.0,25.0,0.0,25.0,0.0,0.0,0.0,0.0,25.0,25.0,25.0,-50.0
63,B. Beal - A. Len - J. Bell - J. Robinson - I. Bonga,WAS,1,52.8,66.7,33.3,66.7,50.0,0.0,33.3,0.0,0.0,0.0,0.0,0.0,66.7,66.7,33.3,33.3,33.3,0.0,0.0,66.7,0.0,66.7
64,B. Beal - A. Len - R. Neto - R. Hachimura - I. Bonga,WAS,2,52.7,180.0,80.0,100.0,80.0,20.0,20.0,100,0.0,0.0,0.0,20.0,0.0,20.0,40.0,20.0,20.0,0.0,0.0,20.0,20.0,100.0
65,D. Bertans - B. Beal - R. Neto - C. Hutchison - D. Gafford,WAS,1,52.5,50.0,25.0,125.0,20.0,0.0,25.0,0.0,0.0,0.0,0.0,25.0,25.0,50.0,25.0,0.0,25.0,0.0,25.0,25.0,0.0,-50.0
66,R. Westbrook - R. Lopez - I. Smith - D. Bertans - A. Gill,WAS,3,52.5,110.0,50.0,110.0,45.5,10.0,10.0,100,0.0,0.0,0.0,20.0,40.0,60.0,20.0,10.0,0.0,0.0,0.0,40.0,10.0,40.0
67,R. Lopez - J. Robinson - G. Mathews - C. Winston - A. Gill,WAS,1,52.3,122.2,33.3,77.8,42.9,0.0,33.3,0.0,55.6,66.7,83.3,11.1,55.6,66.7,22.2,11.1,0.0,0.0,0.0,66.7,33.3,22.2
68,I. Smith - A. Len - T. Brown Jr. - J. Robinson - I. Bonga,WAS,1,52.2,108.7,43.5,100.0,43.5,8.7,30.4,28.6,13.0,17.4,75.0,17.4,34.8,52.2,21.7,13.0,13.0,8.7,4.3,8.7,21.7,39.1
69,R. Lopez - J. Robinson - R. Hachimura - G. Mathews - C. Winston,WAS,1,52.2,120.0,60.0,80.0,75.0,0.0,0.0,0.0,0.0,0.0,0.0,0.0,20.0,20.0,20.0,20.0,0.0,0.0,0.0,0.0,0.0,-60.0
70,B. Beal - R. Neto - M. Wagner - R. Hachimura - G. Mathews,WAS,3,52.1,57.1,14.3,71.4,20.0,0.0,28.6,0.0,28.6,28.6,100,0.0,28.6,28.6,14.3,0.0,0.0,0.0,0.0,28.6,28.6,-157.1
71,I. Smith - D. Bertans - B. Beal - A. Len - D. Avdija,WAS,3,52.1,123.1,46.2,107.7,42.9,15.4,38.5,40.0,15.4,15.4,100,30.8,23.1,53.8,30.8,7.7,15.4,7.7,0.0,15.4,38.5,23.1
72,I. Smith - D. Bertans - B. Beal - M. Wagner - I. Bonga,WAS,1,52.1,185.7,71.4,100.0,71.4,42.9,57.1,75.0,0.0,0.0,0.0,0.0,71.4,71.4,57.1,0.0,0.0,0.0,0.0,28.6,0.0,114.3
73,R. Lopez - I. Smith - B. Beal - R. Hachimura - G. Mathews,WAS,1,52.1,175.0,50.0,75.0,66.7,0.0,0.0,0.0,75.0,75.0,100,0.0,50.0,50.0,25.0,0.0,0.0,0.0,0.0,0.0,25.0,75.0
74,R. Lopez - I. Smith - B. Beal - T. Brown Jr. - J. Robinson,WAS,1,52.1,0.0,0.0,75.0,0.0,0.0,0.0,0.0,0.0,50.0,0.0,0.0,50.0,50.0,0.0,0.0,0.0,0.0,0.0,0.0,50.0,-75.0
75,R. Westbrook - R. Lopez - C. Hutchison - R. Hachimura - D. Avdija,WAS,2,52.1,50.0,25.0,75.0,33.3,0.0,0.0,0.0,0.0,0.0,0.0,25.0,50.0,75.0,25.0,50.0,0.0,0.0,0.0,0.0,0.0,-25.0
76,R. Lopez - B. Beal - R. Neto - I. Bonga - A. Gill,WAS,1,52.0,88.9,33.3,100.0,33.3,0.0,33.3,0.0,22.2,22.2,100,22.2,55.6,77.8,22.2,0.0,11.1,11.1,0.0,22.2,11.1,33.3
77,R. Westbrook - R. Lopez - I. Smith - R. Hachimura - D. Avdija,WAS,1,52.0,80.0,20.0,120.0,16.7,0.0,0.0,0.0,40.0,40.0,100,60.0,20.0,80.0,0.0,0.0,20.0,0.0,20.0,0.0,20.0,0.0
78,R. Westbrook - I. Smith - C. Hutchison - G. Mathews - A. Gill,WAS,1,51.9,57.1,28.6,100.0,28.6,0.0,28.6,0.0,0.0,0.0,0.0,0.0,57.1,57.1,0.0,0.0,0.0,0.0,0.0,28.6,28.6,-14.3
79,T. Brown Jr. - M. Wagner - I. Bonga - G. Mathews - A. Gill,WAS,1,51.9,116.7,16.7,50.0,33.3,16.7,50.0,33.3,66.7,66.7,100,0.0,33.3,33.3,0.0,0.0,0.0,16.7,0.0,16.7,50.0,66.7
80,D. Bertans - A. Len - T. Brown Jr. - R. Hachimura - G. Mathews,WAS,1,51.7,162.5,50.0,62.5,80.0,25.0,25.0,100,37.5,62.5,60.0,0.0,50.0,50.0,25.0,12.5,0.0,0.0,0.0,12.5,37.5,100.0
81,R. Lopez - D. Bertans - R. Neto - G. Mathews - D. Avdija,WAS,1,51.7,83.3,33.3,116.7,28.6,16.7,33.3,50.0,0.0,0.0,0.0,33.3,66.7,100.0,33.3,16.7,0.0,0.0,16.7,33.3,0.0,-16.7
82,R. Westbrook - C. Hutchison - J. Robinson - D. Gafford - G. Mathews,WAS,1,51.7,200.0,80.0,120.0,66.7,40.0,40.0,100,0.0,0.0,0.0,20.0,0.0,20.0,40.0,0.0,20.0,0.0,0.0,20.0,0.0,80.0
83,I. Smith - D. Bertans - M. Wagner - I. Bonga - G. Mathews,WAS,1,51.2,100.0,42.9,114.3,37.5,14.3,14.3,100,0.0,0.0,0.0,28.6,42.9,71.4,42.9,0.0,0.0,0.0,28.6,14.3,42.9,14.3
84,R. Lopez - B. Beal - J. Robinson - I. Bonga - C. Winston,WAS,1,51.2,125.0,25.0,125.0,20.0,0.0,0.0,0.0,75.0,75.0,100,50.0,25.0,75.0,25.0,0.0,0.0,25.0,0.0,0.0,50.0,-75.0
85,R. Westbrook - I. Smith - D. Bertans - B. Beal - A. Len,WAS,3,51.2,109.1,45.5,109.1,41.7,9.1,18.2,50.0,9.1,27.3,33.3,18.2,18.2,36.4,9.1,0.0,9.1,9.1,0.0,27.3,18.2,-45.5
86,R. Westbrook - R. Lopez - I. Smith - B. Beal - G. Mathews,WAS,2,51.2,170.6,58.8,100.0,58.8,23.5,41.2,57.1,29.4,35.3,83.3,29.4,47.1,76.5,35.3,11.8,0.0,11.8,0.0,11.8,29.4,88.2
87,R. Westbrook - R. Lopez - I. Smith - R. Neto - R. Hachimura,WAS,1,51.2,175.0,75.0,100.0,75.0,0.0,25.0,0.0,25.0,25.0,100,0.0,50.0,50.0,25.0,0.0,0.0,0.0,0.0,75.0,25.0,50.0
88,R. Westbrook - R. Lopez - D. Bertans - B. Beal - C. Hutchison,WAS,2,51.1,183.3,83.3,83.3,100,16.7,16.7,100,0.0,0.0,0.0,0.0,16.7,16.7,66.7,16.7,0.0,0.0,0.0,33.3,16.7,66.7
89,R. Westbrook - R. Lopez - I. Smith - T. Brown Jr. - R. Hachimura,WAS,1,51.1,100.0,33.3,33.3,100,0.0,0.0,0.0,33.3,66.7,50.0,0.0,33.3,33.3,33.3,33.3,0.0,0.0,0.0,66.7,33.3,-33.3
90,R. Lopez - B. Beal - J. Robinson - G. Mathews - A. Gill,WAS,1,50.8,100.0,50.0,50.0,100,0.0,0.0,0.0,0.0,0.0,0.0,0.0,0.0,0.0,50.0,50.0,0.0,0.0,0.0,50.0,0.0,0.0
91,R. Lopez - R. Neto - C. Hutchison - J. Robinson - D. Avdija,WAS,1,50.8,75.0,25.0,50.0,50.0,0.0,0.0,0.0,25.0,50.0,50.0,0.0,50.0,50.0,0.0,25.0,0.0,0.0,0.0,0.0,25.0,-50.0
92,R. Westbrook - D. Bertans - R. Neto - T. Brown Jr. - M. Wagner,WAS,1,50.8,115.4,46.2,92.3,50.0,23.1,46.2,50.0,0.0,15.4,0.0,7.7,38.5,46.2,30.8,7.7,7.7,0.0,0.0,23.1,7.7,7.7
93,R. Westbrook - J. Robinson - R. Hachimura - G. Mathews - C. Winston,WAS,1,50.8,0.0,0.0,100.0,0.0,0.0,0.0,0.0,0.0,0.0,0.0,0.0,0.0,0.0,0.0,0.0,0.0,0.0,100.0,100.0,0.0,-200.0
94,R. Westbrook - R. Lopez - R. Neto - C. Hutchison - D. Avdija,WAS,2,50.8,107.1,42.9,85.7,50.0,7.1,28.6,25.0,14.3,21.4,66.7,7.1,28.6,35.7,28.6,7.1,7.1,14.3,7.1,7.1,21.4,-14.3
95,I. Smith - D. Bertans - J. Robinson - M. Wagner - G. Mathews,WAS,1,50.6,100.0,33.3,66.7,50.0,33.3,66.7,50.0,0.0,0.0,0.0,0.0,33.3,33.3,33.3,33.3,0.0,0.0,0.0,66.7,0.0,-66.7
96,C. Hutchison - I. Bonga - G. Mathews - C. Winston - A. Gill,WAS,2,50.5,111.8,41.2,76.5,53.8,11.8,41.2,28.6,17.6,23.5,75.0,11.8,35.3,47.1,29.4,29.4,5.9,0.0,0.0,11.8,23.5,-23.5
97,R. Neto - T. Brown Jr. - R. Hachimura - G. Mathews - D. Avdija,WAS,1,50.3,0.0,0.0,100.0,0.0,0.0,0.0,0.0,0.0,0.0,0.0,0.0,100.0,100.0,0.0,0.0,0.0,0.0,100.0,0.0,0.0,0.0
98,R. Westbrook - D. Bertans - B. Beal - R. Neto - A. Gill,WAS,1,50.3,0.0,0.0,0.0,0.0,0.0,0.0,0.0,0.0,0.0,0.0,0.0,0.0,0.0,0.0,100.0,0.0,0.0,0.0,100.0,0.0,-400.0
99,R. Westbrook - R. Lopez - B. Beal - J. Robinson - A. Gill,WAS,1,50.3,140.0,60.0,120.0,50.0,0.0,60.0,0.0,20.0,40.0,50.0,40.0,40.0,80.0,20.0,0.0,20.0,0.0,0.0,20.0,20.0,80.0
100,R. Westbrook - R. Lopez - R. Neto - I. Bonga - D. Avdija,WAS,3,50.3,46.7,13.3,100.0,13.3,6.7,60.0,11.1,13.3,26.7,50.0,6.7,33.3,40.0,0.0,6.7,0.0,0.0,0.0,46.7,20.0,-66.7
101,J. Bell - I. Bonga - G. Mathews - C. Winston - A. Gill,WAS,3,50.1,80.0,33.3,80.0,41.7,0.0,20.0,0.0,13.3,13.3,100,6.7,20.0,26.7,13.3,13.3,13.3,6.7,0.0,6.7,26.7,-26.7
102,I. Smith - D. Bertans - B. Beal - R. Hachimura - D. Avdija,WAS,1,50.0,216.7,83.3,116.7,71.4,50.0,66.7,75.0,0.0,0.0,0.0,16.7,16.7,33.3,50.0,0.0,16.7,0.0,0.0,33.3,0.0,83.3
103,I. Smith - D. Bertans - B. Beal - R. Neto - A. Gill,WAS,1,50.0,160.0,80.0,100.0,80.0,0.0,0.0,0.0,0.0,0.0,0.0,0.0,40.0,40.0,20.0,0.0,0.0,0.0,0.0,20.0,0.0,40.0
104,R. Lopez - B. Beal - G. Mathews - C. Winston - A. Gill,WAS,1,50.0,300.0,100.0,100.0,100,100.0,100.0,100,0.0,0.0,0.0,0.0,100.0,100.0,100.0,0.0,0.0,0.0,0.0,100.0,0.0,0.0
105,R. Lopez - D. Bertans - B. Beal - R. Neto - T. Brown Jr.,WAS,1,50.0,125.0,50.0,75.0,66.7,25.0,25.0,100,0.0,0.0,0.0,0.0,25.0,25.0,25.0,0.0,0.0,50.0,0.0,25.0,25.0,0.0
106,R. Westbrook - A. Len - C. Hutchison - G. Mathews - D. Avdija,WAS,1,50.0,0.0,0.0,50.0,0.0,0.0,50.0,0.0,0.0,0.0,0.0,0.0,0.0,0.0,0.0,0.0,0.0,0.0,0.0,0.0,50.0,-100.0
107,R. Westbrook - B. Beal - T. Brown Jr. - I. Bonga - A. Gill,WAS,1,50.0,0.0,0.0,0.0,0.0,0.0,0.0,0.0,0.0,0.0,0.0,0.0,100.0,100.0,0.0,0.0,0.0,0.0,0.0,0.0,0.0,0.0
108,R. Westbrook - D. Bertans - A. Len - G. Mathews - D. Avdija,WAS,2,50.0,100.0,42.3,100.0,42.3,15.4,42.3,36.4,0.0,0.0,0.0,7.7,38.5,46.2,26.9,7.7,0.0,7.7,7.7,15.4,3.8,-15.4
109,R. Westbrook - D. Bertans - B. Beal - A. Len - G. Mathews,WAS,1,50.0,100.0,33.3,166.7,20.0,33.3,100.0,33.3,0.0,0.0,0.0,66.7,0.0,66.7,33.3,0.0,0.0,0.0,0.0,33.3,0.0,-133.3
110,R. Westbrook - R. Lopez - B. Beal - R. Neto - C. Hutchison,WAS,1,50.0,0.0,0.0,0.0,0.0,0.0,0.0,0.0,0.0,0.0,0.0,0.0,0.0,0.0,0.0,100.0,0.0,0.0,0.0,50.0,50.0,-200.0
111,I. Smith - D. Bertans - B. Beal - D. Gafford - D. Avdija,WAS,1,49.8,185.7,71.4,157.1,45.5,42.9,85.7,50.0,0.0,0.0,0.0,57.1,0.0,57.1,28.6,0.0,0.0,0.0,0.0,14.3,0.0,28.6
112,R. Westbrook - R. Lopez - B. Beal - C. Hutchison - R. Hachimura,WAS,2,49.8,143.8,62.5,93.8,66.7,6.3,12.5,50.0,12.5,18.8,66.7,0.0,50.0,50.0,37.5,12.5,6.3,6.3,6.3,18.8,25.0,68.8
113,R. Lopez - B. Beal - R. Neto - R. Hachimura - G. Mathews,WAS,10,49.7,110.0,40.0,83.3,48.0,10.0,23.3,42.9,20.0,20.0,100,10.0,16.7,26.7,16.7,13.3,10.0,0.0,13.3,23.3,23.3,-20.0
114,B. Beal - A. Len - R. Neto - J. Bell - J. Robinson,WAS,1,49.6,75.0,25.0,125.0,20.0,25.0,25.0,100,0.0,50.0,0.0,75.0,25.0,100.0,25.0,50.0,0.0,25.0,50.0,0.0,50.0,-25.0
115,D. Bertans - B. Beal - R. Neto - R. Hachimura - D. Avdija,WAS,2,49.6,187.5,50.0,50.0,100,37.5,37.5,100,50.0,50.0,100,0.0,37.5,37.5,37.5,25.0,12.5,0.0,0.0,25.0,25.0,87.5
116,R. Neto - T. Brown Jr. - M. Wagner - R. Hachimura - D. Avdija,WAS,1,49.6,135.7,42.9,85.7,50.0,21.4,21.4,100,28.6,35.7,80.0,0.0,35.7,35.7,28.6,7.1,7.1,0.0,7.1,14.3,50.0,78.6
117,R. Westbrook - R. Lopez - J. Robinson - G. Mathews - D. Avdija,WAS,1,49.6,75.0,25.0,50.0,50.0,25.0,50.0,50.0,0.0,0.0,0.0,0.0,25.0,25.0,25.0,50.0,25.0,0.0,0.0,25.0,25.0,-25.0
118,I. Smith - B. Beal - T. Bryant - T. Brown Jr. - I. Bonga,WAS,2,49.5,114.3,28.6,57.1,50.0,28.6,28.6,100,28.6,28.6,100,0.0,14.3,14.3,28.6,28.6,0.0,0.0,0.0,28.6,28.6,-14.3
119,R. Lopez - B. Beal - R. Neto - J. Bell - G. Mathews,WAS,1,49.5,28.6,14.3,157.1,9.1,0.0,57.1,0.0,0.0,0.0,0.0,71.4,0.0,71.4,0.0,14.3,28.6,0.0,14.3,14.3,28.6,-71.4
120,R. Lopez - I. Smith - G. Mathews - C. Winston - A. Gill,WAS,1,49.5,0.0,0.0,50.0,0.0,0.0,0.0,0.0,0.0,0.0,0.0,0.0,50.0,50.0,0.0,50.0,0.0,0.0,0.0,0.0,0.0,0.0
121,R. Neto - C. Hutchison - D. Gafford - G. Mathews - C. Winston,WAS,1,49.4,116.7,50.0,83.3,60.0,0.0,16.7,0.0,16.7,33.3,50.0,0.0,33.3,33.3,16.7,0.0,0.0,0.0,0.0,0.0,16.7,-50.0
122,R. Neto - T. Brown Jr. - M. Wagner - I. Bonga - D. Avdija,WAS,1,49.4,125.0,50.0,75.0,66.7,0.0,0.0,0.0,25.0,37.5,66.7,0.0,37.5,37.5,37.5,12.5,0.0,0.0,0.0,0.0,37.5,12.5
123,R. Westbrook - R. Lopez - J. Robinson - R. Hachimura - D. Avdija,WAS,1,49.4,75.0,37.5,112.5,33.3,0.0,37.5,0.0,0.0,0.0,0.0,25.0,37.5,62.5,25.0,0.0,0.0,0.0,25.0,37.5,12.5,-37.5
124,A. Len - J. Robinson - G. Mathews - C. Winston - A. Gill,WAS,2,49.3,116.7,50.0,66.7,75.0,16.7,33.3,50.0,0.0,0.0,0.0,0.0,16.7,16.7,33.3,33.3,0.0,16.7,0.0,16.7,0.0,-16.7
125,B. Beal - J. Robinson - M. Wagner - R. Hachimura - G. Mathews,WAS,1,49.3,200.0,42.9,100.0,42.9,14.3,42.9,33.3,100.0,100.0,100,28.6,28.6,57.1,14.3,0.0,0.0,0.0,0.0,42.9,85.7,85.7
126,I. Smith - J. Robinson - M. Wagner - R. Hachimura - D. Avdija,WAS,1,49.3,114.3,42.9,71.4,60.0,0.0,14.3,0.0,28.6,28.6,100,0.0,28.6,28.6,14.3,14.3,0.0,0.0,0.0,28.6,42.9,28.6
127,I. Smith - B. Beal - R. Neto - R. Hachimura - A. Gill,WAS,1,49.2,100.0,50.0,50.0,100,0.0,0.0,0.0,0.0,0.0,0.0,0.0,0.0,0.0,0.0,50.0,0.0,0.0,0.0,100.0,0.0,-50.0
128,R. Neto - T. Brown Jr. - M. Wagner - I. Bonga - G. Mathews,WAS,1,49.2,200.0,50.0,50.0,100,50.0,50.0,100,50.0,100.0,50.0,0.0,50.0,50.0,50.0,0.0,0.0,0.0,0.0,50.0,50.0,100.0
129,R. Westbrook - I. Smith - R. Hachimura - I. Bonga - D. Gafford,WAS,1,49.2,130.0,60.0,70.0,85.7,0.0,10.0,0.0,10.0,30.0,33.3,0.0,50.0,50.0,30.0,20.0,0.0,0.0,0.0,10.0,20.0,40.0
130,D. Bertans - A. Len - T. Brown Jr. - G. Mathews - D. Avdija,WAS,1,49.1,88.9,33.3,88.9,37.5,11.1,55.6,20.0,11.1,22.2,50.0,11.1,33.3,44.4,22.2,22.2,0.0,0.0,0.0,0.0,33.3,-22.2
131,R. Lopez - I. Smith - D. Bertans - T. Brown Jr. - J. Robinson,WAS,2,49.0,109.5,42.9,81.0,52.9,14.3,33.3,42.9,9.5,9.5,100,0.0,52.4,52.4,33.3,9.5,4.8,9.5,0.0,19.0,14.3,19.0
132,R. Neto - T. Brown Jr. - J. Robinson - G. Mathews - A. Gill,WAS,1,49.0,100.0,20.0,80.0,25.0,0.0,20.0,0.0,60.0,80.0,75.0,20.0,20.0,40.0,0.0,0.0,0.0,20.0,20.0,0.0,40.0,-60.0
133,R. Westbrook - I. Smith - C. Hutchison - D. Gafford - A. Gill,WAS,1,49.0,100.0,50.0,112.5,44.4,0.0,37.5,0.0,0.0,0.0,0.0,37.5,12.5,50.0,12.5,37.5,12.5,0.0,0.0,0.0,25.0,-25.0
134,B. Beal - R. Neto - T. Bryant - I. Bonga - D. Avdija,WAS,1,48.9,135.1,56.8,100.0,56.8,10.8,40.5,26.7,10.8,10.8,100,10.8,45.9,56.8,32.4,8.1,10.8,8.1,2.7,16.2,13.5,54.1
135,R. Lopez - B. Beal - R. Neto - J. Robinson - G. Mathews,WAS,1,48.9,66.7,33.3,100.0,33.3,0.0,0.0,0.0,0.0,0.0,0.0,0.0,0.0,0.0,33.3,33.3,0.0,0.0,0.0,33.3,66.7,-33.3
136,R. Westbrook - D. Bertans - B. Beal - D. Gafford - G. Mathews,WAS,1,48.9,150.0,66.7,100.0,66.7,16.7,41.7,40.0,0.0,0.0,0.0,16.7,33.3,50.0,33.3,16.7,25.0,8.3,0.0,25.0,0.0,91.7
137,R. Westbrook - R. Lopez - B. Beal - J. Robinson - R. Hachimura,WAS,2,48.8,77.8,27.8,100.0,27.8,5.6,27.8,20.0,16.7,16.7,100,11.1,27.8,38.9,11.1,5.6,11.1,5.6,5.6,33.3,22.2,-44.4
138,R. Westbrook - R. Lopez - R. Hachimura - I. Bonga - D. Avdija,WAS,1,48.8,75.0,25.0,125.0,20.0,25.0,75.0,33.3,0.0,0.0,0.0,25.0,50.0,75.0,25.0,0.0,0.0,0.0,0.0,25.0,0.0,25.0
139,T. Brown Jr. - M. Wagner - I. Bonga - C. Winston - A. Gill,WAS,1,48.8,140.0,50.0,80.0,62.5,20.0,30.0,66.7,20.0,20.0,100,10.0,40.0,50.0,30.0,20.0,0.0,0.0,20.0,10.0,10.0,10.0
140,R. Westbrook - D. Bertans - A. Len - C. Hutchison - R. Hachimura,WAS,2,48.7,116.0,44.0,92.0,47.8,4.0,24.0,16.7,24.0,32.0,75.0,12.0,24.0,36.0,16.0,8.0,12.0,8.0,0.0,16.0,16.0,-12.0
141,R. Westbrook - D. Bertans - R. Neto - R. Hachimura - D. Gafford,WAS,3,48.5,122.2,44.4,85.2,52.2,18.5,40.7,45.5,14.8,18.5,80.0,7.4,22.2,29.6,29.6,7.4,7.4,0.0,3.7,14.8,18.5,18.5
142,R. Westbrook - R. Lopez - I. Smith - T. Brown Jr. - D. Avdija,WAS,1,48.5,100.0,38.5,100.0,38.5,15.4,53.8,28.6,7.7,15.4,50.0,15.4,46.2,61.5,23.1,15.4,0.0,0.0,0.0,7.7,23.1,7.7
143,R. Lopez - I. Smith - D. Bertans - I. Bonga - G. Mathews,WAS,1,48.3,225.0,100.0,100.0,100,25.0,25.0,100,0.0,0.0,0.0,0.0,0.0,0.0,75.0,0.0,0.0,0.0,0.0,0.0,0.0,125.0
144,R. Lopez - I. Smith - D. Bertans - R. Neto - C. Hutchison,WAS,1,48.3,66.7,33.3,83.3,40.0,0.0,16.7,0.0,0.0,0.0,0.0,0.0,16.7,16.7,0.0,0.0,0.0,16.7,16.7,33.3,0.0,-66.7
145,R. Westbrook - I. Smith - I. Bonga - D. Gafford - D. Avdija,WAS,1,48.3,66.7,33.3,100.0,33.3,0.0,33.3,0.0,0.0,0.0,0.0,0.0,33.3,33.3,33.3,0.0,33.3,0.0,0.0,33.3,0.0,-33.3
146,R. Westbrook - R. Lopez - B. Beal - I. Bonga - D. Avdija,WAS,1,48.3,166.7,66.7,100.0,66.7,33.3,33.3,100,0.0,0.0,0.0,33.3,0.0,33.3,0.0,33.3,0.0,0.0,0.0,0.0,33.3,33.3
147,R. Westbrook - R. Lopez - B. Beal - R. Hachimura - I. Bonga,WAS,7,48.2,111.9,40.5,81.0,50.0,9.5,23.8,40.0,21.4,28.6,75.0,11.9,23.8,35.7,28.6,14.3,14.3,2.4,2.4,26.2,23.8,19.0
148,R. Westbrook - R. Lopez - I. Smith - R. Neto - T. Brown Jr.,WAS,3,48.2,85.7,33.3,90.5,36.8,9.5,38.1,25.0,9.5,19.0,50.0,14.3,33.3,47.6,28.6,9.5,4.8,0.0,4.8,14.3,19.0,-23.8
149,I. Smith - D. Bertans - B. Beal - A. Len - R. Hachimura,WAS,5,48.0,89.3,25.0,71.4,35.0,3.6,32.1,11.1,35.7,46.4,76.9,3.6,39.3,42.9,17.9,10.7,0.0,7.1,3.6,14.3,25.0,-25.0
150,R. Lopez - B. Beal - R. Neto - J. Bell - J. Robinson,WAS,1,48.0,150.0,60.0,120.0,50.0,20.0,40.0,50.0,10.0,10.0,100,20.0,40.0,60.0,40.0,0.0,0.0,0.0,10.0,10.0,10.0,80.0
151,R. Lopez - B. Beal - R. Neto - J. Bell - I. Bonga,WAS,1,47.9,35.7,14.3,107.1,13.3,7.1,28.6,25.0,0.0,0.0,0.0,7.1,42.9,50.0,0.0,7.1,0.0,7.1,7.1,7.1,14.3,-85.7
152,B. Beal - A. Len - J. Robinson - R. Hachimura - G. Mathews,WAS,1,47.8,100.0,33.3,33.3,100,33.3,33.3,100,0.0,0.0,0.0,0.0,0.0,0.0,33.3,66.7,0.0,0.0,0.0,33.3,0.0,-200.0
153,I. Smith - D. Bertans - B. Beal - D. Gafford - G. Mathews,WAS,3,47.7,157.1,57.1,78.6,72.7,0.0,0.0,0.0,42.9,42.9,100,7.1,0.0,7.1,21.4,7.1,14.3,0.0,0.0,21.4,28.6,-7.1
154,R. Lopez - I. Smith - T. Brown Jr. - J. Robinson - D. Avdija,WAS,2,47.7,40.0,20.0,80.0,25.0,0.0,40.0,0.0,0.0,0.0,0.0,20.0,0.0,20.0,0.0,40.0,20.0,0.0,0.0,60.0,0.0,-120.0
155,R. Westbrook - R. Lopez - D. Bertans - R. Neto - J. Robinson,WAS,2,47.7,166.7,57.1,114.3,50.0,28.6,47.6,60.0,23.8,38.1,62.5,23.8,28.6,52.4,33.3,0.0,4.8,0.0,19.0,33.3,42.9,42.9
156,R. Lopez - I. Smith - R. Neto - C. Hutchison - D. Avdija,WAS,1,47.6,92.3,46.2,92.3,50.0,0.0,7.7,0.0,0.0,0.0,0.0,7.7,38.5,46.2,7.7,23.1,7.7,7.7,7.7,7.7,15.4,0.0
157,R. Westbrook - I. Smith - A. Len - G. Mathews - D. Avdija,WAS,1,47.6,130.0,50.0,100.0,50.0,30.0,50.0,60.0,0.0,0.0,0.0,10.0,30.0,40.0,30.0,10.0,0.0,20.0,0.0,10.0,0.0,0.0
158,R. Westbrook - R. Lopez - C. Hutchison - J. Robinson - G. Mathews,WAS,2,47.6,171.4,71.4,114.3,62.5,14.3,42.9,33.3,14.3,14.3,100,28.6,28.6,57.1,42.9,14.3,0.0,0.0,14.3,28.6,28.6,0.0
159,R. Westbrook - R. Lopez - D. Bertans - C. Hutchison - R. Hachimura,WAS,1,47.6,71.4,28.6,114.3,25.0,14.3,57.1,25.0,0.0,0.0,0.0,14.3,42.9,57.1,28.6,0.0,0.0,0.0,14.3,14.3,0.0,-42.9
160,R. Westbrook - R. Lopez - I. Smith - G. Mathews - D. Avdija,WAS,4,47.6,104.2,37.5,79.2,47.4,12.5,29.2,42.9,16.7,25.0,66.7,4.2,41.7,45.8,29.2,12.5,0.0,0.0,0.0,20.8,20.8,-12.5
161,B. Beal - T. Bryant - M. Wagner - R. Hachimura - G. Mathews,WAS,1,47.5,200.0,100.0,100.0,100,0.0,0.0,0.0,0.0,0.0,0.0,0.0,0.0,0.0,0.0,0.0,50.0,0.0,0.0,50.0,0.0,100.0
162,I. Smith - R. Neto - D. Avdija - C. Winston - A. Gill,WAS,1,47.5,100.0,0.0,50.0,0.0,0.0,50.0,0.0,100.0,100.0,100,0.0,0.0,0.0,0.0,0.0,0.0,0.0,0.0,0.0,50.0,-100.0
163,R. Westbrook - B. Beal - R. Neto - T. Bryant - R. Hachimura,WAS,2,47.5,89.5,21.1,57.9,36.4,15.8,21.1,75.0,31.6,42.1,75.0,0.0,36.8,36.8,15.8,21.1,5.3,10.5,5.3,36.8,21.1,-63.2
164,R. Westbrook - D. Bertans - B. Beal - A. Len - I. Bonga,WAS,1,47.5,200.0,100.0,100.0,100,0.0,0.0,0.0,0.0,0.0,0.0,0.0,0.0,0.0,0.0,0.0,0.0,0.0,0.0,50.0,0.0,100.0
165,R. Westbrook - D. Bertans - B. Beal - T. Bryant - J. Robinson,WAS,1,47.5,133.3,33.3,50.0,66.7,16.7,33.3,50.0,50.0,100.0,50.0,16.7,33.3,50.0,33.3,33.3,0.0,0.0,0.0,33.3,66.7,83.3
166,R. Westbrook - I. Smith - I. Bonga - D. Gafford - G. Mathews,WAS,1,47.5,33.3,16.7,133.3,12.5,0.0,16.7,0.0,0.0,0.0,0.0,50.0,16.7,66.7,0.0,16.7,0.0,16.7,0.0,16.7,16.7,-133.3
167,R. Westbrook - B. Beal - R. Neto - R. Hachimura - D. Gafford,WAS,5,47.4,121.4,39.3,85.7,45.8,7.1,21.4,33.3,35.7,39.3,90.9,10.7,33.9,44.6,25.0,5.4,5.4,12.5,7.1,21.4,28.6,10.7
168,A. Pasecniks - J. Robinson - I. Bonga - G. Mathews - A. Gill,WAS,1,47.3,60.0,20.0,50.0,40.0,20.0,50.0,40.0,0.0,0.0,0.0,0.0,20.0,20.0,20.0,40.0,10.0,0.0,0.0,30.0,0.0,-130.0
169,R. Lopez - B. Beal - J. Bell - J. Robinson - I. Bonga,WAS,1,47.3,160.0,60.0,80.0,75.0,40.0,40.0,100,0.0,0.0,0.0,0.0,0.0,0.0,60.0,20.0,0.0,0.0,0.0,0.0,0.0,-40.0
170,R. Lopez - I. Smith - D. Bertans - R. Hachimura - D. Avdija,WAS,1,47.3,71.4,21.4,85.7,25.0,0.0,28.6,0.0,28.6,35.7,80.0,7.1,42.9,50.0,7.1,14.3,7.1,7.1,0.0,14.3,28.6,28.6
171,R. Westbrook - R. Lopez - I. Smith - D. Bertans - R. Hachimura,WAS,7,47.3,113.5,51.4,83.8,61.3,5.4,21.6,25.0,5.4,5.4,100,8.1,43.2,51.4,24.3,16.2,2.7,0.0,2.7,16.2,2.7,37.8
172,R. Lopez - B. Beal - R. Neto - R. Hachimura - D. Avdija,WAS,14,47.2,123.1,50.4,84.6,59.6,5.1,17.1,30.0,17.1,24.8,69.0,12.0,24.8,36.8,26.5,13.7,11.1,1.7,6.0,21.4,18.8,-8.5
173,R. Neto - T. Bryant - J. Robinson - R. Hachimura - D. Avdija,WAS,1,47.1,0.0,0.0,100.0,0.0,0.0,50.0,0.0,0.0,0.0,0.0,0.0,25.0,25.0,0.0,0.0,25.0,0.0,0.0,25.0,0.0,-100.0
174,R. Westbrook - R. Lopez - I. Smith - B. Beal - R. Hachimura,WAS,4,47.0,104.5,40.9,90.9,45.0,4.5,22.7,20.0,18.2,18.2,100,9.1,31.8,40.9,13.6,4.5,9.1,4.5,4.5,9.1,13.6,9.1
175,A. Len - R. Neto - T. Brown Jr. - R. Hachimura - G. Mathews,WAS,1,46.9,112.5,37.5,100.0,37.5,12.5,37.5,33.3,25.0,25.0,100,12.5,62.5,75.0,25.0,0.0,0.0,0.0,0.0,0.0,12.5,62.5
176,R. Westbrook - R. Lopez - R. Neto - R. Hachimura - G. Mathews,WAS,4,46.9,106.7,33.3,60.0,55.6,20.0,26.7,75.0,20.0,20.0,100,0.0,40.0,40.0,26.7,33.3,20.0,6.7,0.0,20.0,20.0,33.3
177,R. Westbrook - R. Neto - I. Bonga - D. Gafford - D. Avdija,WAS,1,46.9,188.9,66.7,100.0,66.7,0.0,22.2,0.0,55.6,55.6,100,0.0,44.4,44.4,22.2,11.1,0.0,11.1,0.0,44.4,55.6,133.3
178,B. Beal - A. Len - J. Bell - J. Robinson - G. Mathews,WAS,1,46.7,100.0,0.0,50.0,0.0,0.0,50.0,0.0,100.0,100.0,100,0.0,0.0,0.0,0.0,0.0,0.0,0.0,0.0,0.0,50.0,-200.0
179,D. Bertans - B. Beal - T. Brown Jr. - R. Hachimura - D. Avdija,WAS,1,46.7,100.0,40.0,120.0,33.3,20.0,40.0,50.0,0.0,0.0,0.0,40.0,20.0,60.0,20.0,20.0,0.0,20.0,0.0,0.0,20.0,-60.0
180,R. Westbrook - A. Len - R. Neto - T. Brown Jr. - D. Avdija,WAS,1,46.7,125.0,50.0,75.0,66.7,25.0,25.0,100,0.0,0.0,0.0,0.0,25.0,25.0,50.0,25.0,0.0,0.0,25.0,25.0,0.0,-25.0
181,R. Westbrook - B. Beal - R. Neto - I. Bonga - D. Gafford,WAS,1,46.7,200.0,66.7,100.0,66.7,0.0,0.0,0.0,66.7,100.0,66.7,33.3,0.0,33.3,66.7,0.0,0.0,0.0,0.0,33.3,100.0,66.7
182,R. Westbrook - I. Smith - B. Beal - D. Gafford - G. Mathews,WAS,1,46.7,0.0,0.0,100.0,0.0,0.0,50.0,0.0,0.0,0.0,0.0,0.0,50.0,50.0,0.0,0.0,0.0,50.0,0.0,50.0,0.0,0.0
183,R. Westbrook - D. Bertans - B. Beal - A. Len - D. Avdija,WAS,3,46.5,164.3,57.1,114.3,50.0,28.6,35.7,80.0,21.4,21.4,100,21.4,21.4,42.9,42.9,7.1,7.1,0.0,7.1,35.7,14.3,57.1
184,R. Westbrook - I. Smith - D. Bertans - D. Gafford - D. Avdija,WAS,2,46.5,66.7,25.0,83.3,30.0,8.3,25.0,33.3,8.3,8.3,100,16.7,50.0,66.7,8.3,16.7,0.0,33.3,8.3,8.3,0.0,-8.3
185,I. Smith - D. Bertans - B. Beal - R. Neto - D. Gafford,WAS,7,46.4,98.4,39.3,96.7,40.7,4.9,18.0,27.3,14.8,18.0,81.8,18.0,18.0,36.1,21.3,9.8,8.2,8.2,8.2,16.4,18.0,-18.0
186,R. Westbrook - R. Lopez - B. Beal - I. Bonga - A. Gill,WAS,1,46.4,88.2,41.2,76.5,53.8,5.9,17.6,33.3,0.0,0.0,0.0,5.9,41.2,47.1,23.5,29.4,11.8,5.9,0.0,5.9,5.9,17.6
187,R. Westbrook - R. Lopez - I. Smith - R. Neto - C. Hutchison,WAS,1,46.4,63.6,27.3,63.6,42.9,9.1,18.2,50.0,0.0,0.0,0.0,0.0,36.4,36.4,0.0,27.3,9.1,0.0,9.1,18.2,36.4,-18.2
188,I. Smith - B. Beal - J. Bell - D. Gafford - D. Avdija,WAS,1,46.3,150.0,50.0,100.0,50.0,0.0,25.0,0.0,50.0,50.0,100,25.0,75.0,100.0,0.0,0.0,0.0,25.0,25.0,0.0,25.0,100.0
189,R. Lopez - I. Smith - R. Neto - R. Hachimura - D. Avdija,WAS,1,46.3,75.0,25.0,50.0,50.0,0.0,0.0,0.0,25.0,25.0,100,0.0,50.0,50.0,25.0,25.0,0.0,0.0,0.0,0.0,50.0,-25.0
190,R. Neto - T. Brown Jr. - M. Wagner - G. Mathews - D. Avdija,WAS,1,46.3,140.0,40.0,80.0,50.0,10.0,20.0,50.0,50.0,60.0,83.3,10.0,30.0,40.0,20.0,0.0,0.0,10.0,10.0,20.0,60.0,70.0
191,R. Westbrook - B. Beal - A. Len - C. Hutchison - R. Hachimura,WAS,1,46.3,125.0,50.0,100.0,50.0,25.0,50.0,50.0,0.0,0.0,0.0,0.0,0.0,0.0,50.0,0.0,0.0,0.0,0.0,25.0,0.0,-75.0
192,R. Westbrook - B. Beal - R. Hachimura - G. Mathews - A. Gill,WAS,1,46.3,100.0,50.0,75.0,66.7,0.0,0.0,0.0,0.0,0.0,0.0,0.0,25.0,25.0,25.0,0.0,0.0,25.0,0.0,0.0,0.0,0.0
193,R. Westbrook - I. Smith - C. Hutchison - R. Hachimura - D. Gafford,WAS,2,46.3,0.0,0.0,100.0,0.0,0.0,0.0,0.0,0.0,0.0,0.0,0.0,0.0,0.0,0.0,0.0,0.0,0.0,0.0,25.0,25.0,-200.0
194,R. Westbrook - I. Smith - D. Bertans - D. Gafford - A. Gill,WAS,1,46.3,77.8,33.3,77.8,42.9,11.1,33.3,33.3,0.0,0.0,0.0,0.0,55.6,55.6,22.2,22.2,11.1,0.0,0.0,11.1,11.1,-11.1
195,R. Westbrook - R. Lopez - R. Neto - R. Hachimura - I. Bonga,WAS,4,46.3,69.2,30.8,53.8,57.1,7.7,15.4,50.0,0.0,15.4,0.0,7.7,23.1,30.8,23.1,30.8,7.7,0.0,7.7,23.1,15.4,-7.7
196,R. Lopez - B. Beal - R. Neto - R. Hachimura - I. Bonga,WAS,3,46.2,113.3,53.3,93.3,57.1,6.7,26.7,25.0,0.0,0.0,0.0,13.3,46.7,60.0,33.3,13.3,0.0,6.7,0.0,26.7,6.7,40.0
197,I. Smith - D. Bertans - M. Wagner - R. Hachimura - G. Mathews,WAS,1,46.1,100.0,33.3,55.6,60.0,11.1,11.1,100,22.2,66.7,33.3,11.1,33.3,44.4,11.1,11.1,0.0,0.0,11.1,33.3,33.3,-22.2
198,R. Lopez - I. Smith - T. Brown Jr. - J. Robinson - G. Mathews,WAS,1,46.1,116.7,50.0,66.7,75.0,16.7,16.7,100,0.0,0.0,0.0,16.7,0.0,16.7,33.3,33.3,0.0,0.0,0.0,16.7,16.7,-16.7
199,R. Westbrook - R. Lopez - B. Beal - R. Neto - R. Hachimura,WAS,9,46.1,120.4,40.8,85.7,47.6,6.1,24.5,25.0,32.7,38.8,84.2,12.2,28.6,40.8,22.4,8.2,2.0,0.0,8.2,18.4,32.7,14.3
200,R. Westbrook - R. Lopez - I. Smith - D. Bertans - D. Avdija,WAS,3,46.1,81.8,27.3,63.6,42.9,0.0,9.1,0.0,27.3,36.4,75.0,0.0,9.1,9.1,0.0,18.2,0.0,0.0,0.0,18.2,27.3,-90.9
201,R. Lopez - I. Smith - D. Bertans - G. Mathews - D. Avdija,WAS,2,46.0,146.2,46.2,76.9,60.0,15.4,30.8,50.0,38.5,46.2,83.3,0.0,38.5,38.5,38.5,0.0,15.4,0.0,0.0,30.8,46.2,76.9
202,I. Smith - D. Bertans - T. Brown Jr. - M. Wagner - G. Mathews,WAS,1,45.9,105.6,33.3,83.3,40.0,16.7,44.4,37.5,22.2,44.4,50.0,0.0,27.8,27.8,27.8,0.0,11.1,5.6,5.6,38.9,33.3,5.6
203,R. Westbrook - D. Bertans - B. Beal - R. Hachimura - D. Gafford,WAS,8,45.9,108.2,42.5,89.0,47.7,4.1,21.9,18.8,19.2,24.7,77.8,13.7,37.0,50.7,21.9,15.1,6.8,5.5,5.5,17.8,17.8,-1.4
204,D. Bertans - A. Len - R. Neto - J. Robinson - G. Mathews,WAS,1,45.8,50.0,25.0,100.0,25.0,0.0,25.0,0.0,0.0,0.0,0.0,25.0,50.0,75.0,0.0,25.0,0.0,0.0,0.0,25.0,25.0,-25.0
205,R. Lopez - B. Beal - I. Bonga - G. Mathews - D. Avdija,WAS,1,45.8,183.3,66.7,100.0,66.7,16.7,33.3,50.0,33.3,50.0,66.7,16.7,50.0,66.7,50.0,0.0,16.7,0.0,0.0,33.3,50.0,100.0
206,R. Westbrook - I. Smith - R. Neto - D. Gafford - A. Gill,WAS,1,45.8,200.0,84.6,84.6,100,7.7,7.7,100,23.1,30.8,75.0,0.0,46.2,46.2,61.5,0.0,23.1,0.0,0.0,23.1,15.4,138.5
207,R. Westbrook - R. Lopez - D. Bertans - R. Neto - G. Mathews,WAS,2,45.8,112.5,37.5,75.0,50.0,12.5,37.5,33.3,25.0,50.0,50.0,12.5,37.5,50.0,37.5,0.0,12.5,0.0,0.0,0.0,25.0,-12.5
208,D. Bertans - B. Beal - A. Len - R. Neto - R. Hachimura,WAS,10,45.7,121.7,45.0,78.3,57.4,6.7,23.3,28.6,25.0,30.0,83.3,8.3,30.0,38.3,25.0,16.7,3.3,5.0,1.7,23.3,25.0,-6.7
209,R. Lopez - I. Smith - B. Beal - R. Hachimura - D. Avdija,WAS,6,45.7,88.4,34.8,88.4,39.3,8.7,30.4,28.6,10.1,11.6,87.5,10.1,43.5,53.6,21.7,14.5,4.3,2.9,2.9,18.8,8.7,-11.6
210,R. Lopez - I. Smith - D. Bertans - B. Beal - D. Avdija,WAS,7,45.7,108.0,28.0,60.0,46.7,16.0,32.0,50.0,36.0,48.0,75.0,12.0,36.0,48.0,20.0,24.0,8.0,16.0,4.0,28.0,32.0,8.0
211,R. Lopez - I. Smith - D. Bertans - T. Brown Jr. - D. Avdija,WAS,1,45.7,80.0,40.0,80.0,50.0,0.0,0.0,0.0,0.0,0.0,0.0,20.0,40.0,60.0,0.0,20.0,0.0,0.0,0.0,20.0,0.0,80.0
212,R. Westbrook - R. Lopez - B. Beal - R. Hachimura - D. Avdija,WAS,12,45.7,121.4,44.4,86.3,51.5,10.3,29.1,35.3,22.2,28.2,78.8,12.0,32.5,44.4,27.4,12.8,9.4,4.3,6.0,20.5,23.9,-0.9
213,B. Beal - R. Neto - M. Wagner - R. Hachimura - D. Avdija,WAS,3,45.6,125.0,50.0,83.3,60.0,8.3,25.0,33.3,16.7,33.3,50.0,8.3,41.7,50.0,16.7,8.3,8.3,0.0,8.3,16.7,16.7,16.7
214,I. Smith - D. Bertans - A. Len - G. Mathews - D. Avdija,WAS,1,45.6,133.3,66.7,100.0,66.7,0.0,33.3,0.0,0.0,0.0,0.0,0.0,33.3,33.3,66.7,0.0,0.0,0.0,0.0,0.0,0.0,33.3
215,I. Smith - D. Bertans - B. Beal - T. Bryant - T. Brown Jr.,WAS,1,45.6,66.7,33.3,100.0,33.3,0.0,33.3,0.0,0.0,0.0,0.0,0.0,33.3,33.3,0.0,0.0,0.0,0.0,0.0,66.7,0.0,-100.0
216,R. Lopez - R. Neto - C. Hutchison - J. Robinson - R. Hachimura,WAS,1,45.6,0.0,0.0,100.0,0.0,0.0,0.0,0.0,0.0,0.0,0.0,0.0,33.3,33.3,0.0,33.3,0.0,0.0,33.3,33.3,33.3,-100.0
217,R. Westbrook - B. Beal - A. Len - R. Hachimura - G. Mathews,WAS,9,45.6,112.3,43.6,81.0,53.8,7.1,19.9,35.7,18.0,26.5,67.9,6.6,34.6,41.2,26.5,15.2,2.4,3.8,6.6,23.2,20.4,-9.0
218,R. Westbrook - B. Beal - T. Bryant - J. Robinson - I. Bonga,WAS,1,45.6,158.3,66.7,91.7,72.7,8.3,8.3,100,16.7,33.3,50.0,8.3,33.3,41.7,50.0,0.0,8.3,8.3,0.0,25.0,16.7,33.3
219,R. Westbrook - I. Smith - D. Bertans - B. Beal - D. Gafford,WAS,4,45.6,116.7,50.0,72.2,69.2,5.6,16.7,33.3,11.1,11.1,100,0.0,27.8,27.8,22.2,16.7,5.6,5.6,0.0,11.1,5.6,-38.9
220,R. Westbrook - I. Smith - D. Bertans - B. Beal - T. Bryant,WAS,1,45.5,84.6,30.8,100.0,30.8,15.4,53.8,28.6,7.7,15.4,50.0,23.1,15.4,38.5,23.1,23.1,23.1,7.7,15.4,46.2,7.7,-46.2
221,R. Westbrook - R. Lopez - B. Beal - R. Neto - G. Mathews,WAS,4,45.5,94.4,33.3,94.4,35.3,5.6,16.7,33.3,22.2,27.8,80.0,5.6,22.2,27.8,5.6,5.6,5.6,0.0,5.6,27.8,22.2,5.6
222,R. Westbrook - R. Lopez - D. Bertans - B. Beal - R. Neto,WAS,11,45.4,150.0,47.6,82.9,57.4,14.6,25.6,57.1,40.2,52.4,76.7,9.8,37.8,47.6,30.5,11.0,3.7,7.3,3.7,22.0,34.1,47.6
223,D. Bertans - B. Beal - R. Neto - M. Wagner - D. Avdija,WAS,2,45.3,60.0,0.0,20.0,0.0,0.0,0.0,0.0,60.0,80.0,75.0,0.0,60.0,60.0,0.0,60.0,0.0,0.0,20.0,40.0,40.0,-60.0
224,D. Bertans - B. Beal - R. Neto - R. Hachimura - G. Mathews,WAS,1,45.3,140.0,60.0,120.0,50.0,0.0,0.0,0.0,20.0,20.0,100,20.0,20.0,40.0,0.0,0.0,0.0,0.0,20.0,40.0,40.0,40.0
225,R. Lopez - B. Beal - R. Neto - G. Mathews - D. Avdija,WAS,7,45.3,59.1,27.3,81.8,33.3,4.5,9.1,50.0,0.0,0.0,0.0,0.0,9.1,9.1,13.6,13.6,4.5,4.5,4.5,22.7,18.2,-90.9
226,R. Westbrook - R. Lopez - C. Hutchison - G. Mathews - D. Avdija,WAS,2,45.3,66.7,26.7,80.0,33.3,6.7,33.3,20.0,6.7,13.3,50.0,13.3,40.0,53.3,6.7,20.0,0.0,0.0,0.0,20.0,20.0,-40.0
227,R. Lopez - B. Beal - R. Neto - G. Mathews - A. Gill,WAS,3,45.2,116.7,33.3,72.2,46.2,11.1,16.7,66.7,38.9,38.9,100,16.7,22.2,38.9,22.2,22.2,11.1,0.0,5.6,22.2,22.2,-16.7
228,R. Lopez - I. Smith - D. Bertans - R. Hachimura - G. Mathews,WAS,2,45.2,111.1,44.4,66.7,66.7,11.1,11.1,100,11.1,11.1,100,11.1,22.2,33.3,33.3,33.3,0.0,0.0,0.0,0.0,0.0,-22.2
229,R. Westbrook - D. Bertans - A. Len - R. Hachimura - G. Mathews,WAS,2,45.2,97.3,35.1,83.8,41.9,10.8,35.1,30.8,16.2,24.3,66.7,2.7,43.2,45.9,24.3,8.1,5.4,10.8,2.7,10.8,27.0,5.4
230,A. Len - T. Brown Jr. - I. Bonga - D. Avdija - C. Winston,WAS,1,45.1,85.7,35.7,78.6,45.5,7.1,21.4,33.3,7.1,21.4,33.3,7.1,42.9,50.0,7.1,21.4,0.0,7.1,0.0,7.1,14.3,7.1
231,R. Westbrook - B. Beal - A. Len - R. Neto - I. Bonga,WAS,2,45.1,131.8,50.0,86.4,57.9,22.7,36.4,62.5,9.1,9.1,100,9.1,36.4,45.5,27.3,18.2,4.5,0.0,4.5,13.6,9.1,13.6
232,R. Westbrook - B. Beal - T. Bryant - R. Hachimura - D. Avdija,WAS,4,45.1,108.2,40.2,84.5,47.6,11.3,27.8,40.7,16.5,24.7,66.7,5.2,33.0,38.1,26.8,8.2,4.1,3.1,3.1,13.4,19.6,-11.3
233,A. Len - T. Brown Jr. - I. Bonga - G. Mathews - D. Avdija,WAS,1,45.0,160.0,40.0,80.0,50.0,0.0,0.0,0.0,80.0,80.0,100,0.0,60.0,60.0,0.0,0.0,0.0,0.0,20.0,20.0,40.0,60.0
234,I. Smith - D. Bertans - B. Beal - A. Len - A. Gill,WAS,1,45.0,166.7,66.7,100.0,66.7,33.3,33.3,100,0.0,0.0,0.0,0.0,0.0,0.0,66.7,0.0,66.7,0.0,0.0,33.3,0.0,100.0
235,J. Bell - J. Robinson - I. Bonga - G. Mathews - C. Winston,WAS,1,45.0,0.0,0.0,100.0,0.0,0.0,0.0,0.0,0.0,0.0,0.0,0.0,0.0,0.0,0.0,0.0,0.0,0.0,0.0,100.0,0.0,0.0
236,R. Lopez - I. Smith - D. Bertans - C. Hutchison - R. Hachimura,WAS,1,45.0,66.7,33.3,100.0,33.3,0.0,0.0,0.0,0.0,0.0,0.0,0.0,0.0,0.0,0.0,0.0,0.0,0.0,0.0,66.7,0.0,-133.3
237,R. Lopez - I. Smith - D. Bertans - R. Neto - R. Hachimura,WAS,1,45.0,0.0,0.0,50.0,0.0,0.0,0.0,0.0,0.0,0.0,0.0,0.0,50.0,50.0,0.0,50.0,0.0,0.0,0.0,0.0,0.0,-100.0
238,R. Lopez - I. Smith - R. Neto - G. Mathews - D. Avdija,WAS,1,45.0,100.0,33.3,100.0,33.3,0.0,33.3,0.0,33.3,66.7,50.0,33.3,33.3,66.7,33.3,0.0,0.0,0.0,0.0,33.3,33.3,100.0
239,R. Westbrook - B. Beal - M. Wagner - R. Hachimura - G. Mathews,WAS,15,45.0,104.0,37.7,80.1,47.1,9.4,26.6,35.4,19.2,23.6,81.4,5.1,29.6,34.7,25.6,14.5,11.4,3.4,5.4,19.2,20.2,-9.1
240,R. Westbrook - B. Beal - T. Brown Jr. - M. Wagner - D. Avdija,WAS,2,45.0,192.3,61.5,84.6,72.7,30.8,46.2,66.7,38.5,38.5,100,0.0,23.1,23.1,61.5,0.0,23.1,0.0,0.0,23.1,23.1,123.1
241,R. Westbrook - D. Bertans - M. Wagner - G. Mathews - D. Avdija,WAS,1,45.0,125.0,50.0,75.0,66.7,25.0,25.0,100,0.0,0.0,0.0,0.0,25.0,25.0,25.0,0.0,0.0,0.0,0.0,25.0,0.0,-50.0
242,I. Smith - B. Beal - M. Wagner - R. Hachimura - G. Mathews,WAS,3,44.9,158.3,50.0,125.0,40.0,8.3,41.7,20.0,50.0,50.0,100,41.7,16.7,58.3,8.3,0.0,8.3,8.3,0.0,8.3,25.0,0.0
243,R. Westbrook - I. Smith - D. Bertans - B. Beal - M. Wagner,WAS,1,44.9,128.6,42.9,57.1,75.0,14.3,28.6,50.0,28.6,57.1,50.0,0.0,28.6,28.6,28.6,14.3,0.0,0.0,0.0,0.0,57.1,42.9
244,R. Westbrook - B. Beal - A. Len - R. Hachimura - D. Avdija,WAS,14,44.8,103.0,40.9,85.2,48.0,5.9,20.7,28.6,15.3,19.7,77.5,7.4,37.9,45.3,27.6,15.3,7.4,4.4,7.4,15.3,14.8,-3.4
245,R. Westbrook - B. Beal - A. Len - R. Hachimura - I. Bonga,WAS,2,44.8,100.0,30.8,84.6,36.4,0.0,7.7,0.0,38.5,46.2,83.3,15.4,38.5,53.8,23.1,7.7,0.0,7.7,0.0,23.1,23.1,-23.1
246,R. Westbrook - R. Lopez - R. Neto - T. Brown Jr. - D. Avdija,WAS,3,44.8,94.4,36.1,83.3,43.3,5.6,22.2,25.0,16.7,19.4,85.7,0.0,19.4,19.4,22.2,8.3,13.9,0.0,2.8,16.7,13.9,-41.7
247,I. Smith - D. Bertans - B. Beal - C. Hutchison - D. Gafford,WAS,3,44.7,66.7,33.3,66.7,50.0,0.0,16.7,0.0,0.0,0.0,0.0,16.7,50.0,66.7,16.7,33.3,16.7,0.0,0.0,33.3,16.7,-33.3
248,R. Westbrook - A. Len - C. Hutchison - R. Hachimura - D. Avdija,WAS,1,44.7,166.7,66.7,86.7,76.9,26.7,40.0,66.7,6.7,13.3,50.0,6.7,53.3,60.0,33.3,13.3,0.0,6.7,0.0,6.7,13.3,100.0
249,R. Westbrook - D. Bertans - R. Hachimura - D. Gafford - A. Gill,WAS,1,44.7,140.0,60.0,80.0,75.0,20.0,40.0,50.0,0.0,0.0,0.0,0.0,60.0,60.0,40.0,20.0,20.0,0.0,0.0,0.0,0.0,80.0
250,R. Westbrook - R. Lopez - R. Neto - G. Mathews - D. Avdija,WAS,8,44.7,112.5,45.0,75.0,60.0,2.5,10.0,25.0,20.0,25.0,80.0,0.0,47.5,47.5,20.0,5.0,2.5,2.5,0.0,12.5,27.5,17.5
251,I. Smith - B. Beal - C. Hutchison - R. Hachimura - D. Gafford,WAS,2,44.6,133.3,55.6,100.0,55.6,0.0,0.0,0.0,22.2,22.2,100,11.1,11.1,22.2,33.3,0.0,22.2,0.0,11.1,11.1,11.1,33.3
252,R. Westbrook - R. Lopez - R. Neto - T. Brown Jr. - I. Bonga,WAS,1,44.6,75.0,25.0,50.0,50.0,12.5,12.5,100,12.5,25.0,50.0,12.5,50.0,62.5,25.0,50.0,12.5,0.0,0.0,12.5,12.5,-12.5
253,B. Beal - A. Len - T. Brown Jr. - G. Mathews - D. Avdija,WAS,1,44.4,0.0,0.0,100.0,0.0,0.0,66.7,0.0,0.0,0.0,0.0,33.3,33.3,66.7,0.0,33.3,0.0,0.0,0.0,33.3,0.0,-100.0
254,R. Lopez - B. Beal - I. Bonga - G. Mathews - C. Winston,WAS,1,44.4,100.0,33.3,33.3,100,33.3,33.3,100,0.0,0.0,0.0,0.0,66.7,66.7,33.3,33.3,0.0,0.0,0.0,0.0,0.0,0.0
255,R. Lopez - D. Bertans - B. Beal - R. Neto - D. Avdija,WAS,13,44.4,126.3,42.1,76.3,55.2,13.2,26.3,50.0,28.9,34.2,84.6,6.6,39.5,46.1,25.0,10.5,2.6,5.3,1.3,19.7,23.7,15.8
256,R. Westbrook - D. Bertans - R. Neto - M. Wagner - D. Avdija,WAS,1,44.4,150.0,75.0,125.0,60.0,0.0,25.0,0.0,0.0,0.0,0.0,25.0,37.5,62.5,50.0,0.0,25.0,0.0,0.0,50.0,0.0,25.0
257,B. Beal - R. Neto - T. Bryant - T. Brown Jr. - D. Avdija,WAS,2,44.2,83.3,33.3,100.0,33.3,16.7,33.3,50.0,0.0,0.0,0.0,33.3,0.0,33.3,33.3,16.7,16.7,0.0,0.0,33.3,16.7,-83.3
258,I. Smith - D. Bertans - B. Beal - T. Bryant - R. Hachimura,WAS,3,44.2,156.3,56.3,106.3,52.9,6.3,25.0,25.0,37.5,37.5,100,12.5,37.5,50.0,31.3,6.3,6.3,12.5,6.3,6.3,25.0,43.8
259,R. Lopez - R. Neto - T. Brown Jr. - R. Hachimura - D. Avdija,WAS,1,44.2,0.0,0.0,0.0,0.0,0.0,0.0,0.0,0.0,0.0,0.0,0.0,50.0,50.0,0.0,100.0,0.0,0.0,0.0,50.0,0.0,-100.0
260,R. Westbrook - A. Len - R. Neto - R. Hachimura - G. Mathews,WAS,6,44.2,89.6,37.3,92.5,40.3,10.4,23.9,43.8,4.5,10.4,42.9,7.5,38.8,46.3,19.4,10.4,6.0,7.5,4.5,16.4,17.9,-25.4
261,R. Westbrook - B. Beal - R. Hachimura - D. Gafford - D. Avdija,WAS,2,44.2,120.0,46.7,73.3,63.6,13.3,13.3,100,13.3,33.3,40.0,0.0,46.7,46.7,20.0,20.0,13.3,0.0,6.7,26.7,20.0,40.0
262,R. Westbrook - D. Bertans - B. Beal - R. Hachimura - D. Avdija,WAS,8,44.2,103.1,34.4,78.1,44.0,15.6,43.8,35.7,18.8,29.7,63.2,4.7,26.6,31.3,28.1,14.1,4.7,1.6,3.1,25.0,20.3,-40.6
263,R. Westbrook - R. Lopez - I. Smith - D. Bertans - G. Mathews,WAS,7,44.2,119.6,43.5,84.8,51.3,8.7,26.1,33.3,23.9,28.3,84.6,8.7,28.3,37.0,19.6,10.9,0.0,4.3,0.0,17.4,28.3,2.2
264,R. Westbrook - R. Lopez - D. Bertans - R. Neto - D. Avdija,WAS,17,44.1,96.6,36.5,87.7,41.6,9.4,32.5,28.8,14.3,19.2,74.4,8.4,29.6,37.9,22.2,9.9,5.4,2.5,3.9,16.3,21.2,-6.9
265,R. Westbrook - R. Lopez - I. Smith - B. Beal - D. Avdija,WAS,3,44.1,177.8,77.8,88.9,87.5,22.2,22.2,100,0.0,22.2,0.0,0.0,22.2,22.2,55.6,0.0,0.0,0.0,0.0,22.2,11.1,33.3
266,I. Smith - B. Beal - A. Len - R. Hachimura - I. Bonga,WAS,1,44.0,142.9,57.1,57.1,100,0.0,0.0,0.0,28.6,57.1,50.0,0.0,28.6,28.6,14.3,14.3,14.3,0.0,0.0,14.3,28.6,42.9
267,R. Westbrook - A. Len - C. Hutchison - R. Hachimura - G. Mathews,WAS,2,44.0,108.3,50.0,66.7,75.0,8.3,8.3,100,0.0,33.3,0.0,8.3,25.0,33.3,25.0,25.0,0.0,8.3,0.0,16.7,25.0,-16.7
268,R. Westbrook - A. Len - J. Robinson - R. Hachimura - D. Avdija,WAS,3,44.0,95.0,40.0,87.5,45.7,10.0,26.3,38.1,5.0,8.8,57.1,7.5,35.0,42.5,26.3,17.5,7.5,3.8,1.3,23.8,8.8,-12.5
269,R. Westbrook - I. Smith - D. Bertans - M. Wagner - R. Hachimura,WAS,1,44.0,87.5,37.5,100.0,37.5,12.5,37.5,33.3,0.0,0.0,0.0,12.5,62.5,75.0,25.0,12.5,25.0,12.5,0.0,25.0,12.5,37.5
270,R. Westbrook - R. Lopez - D. Bertans - B. Beal - R. Hachimura,WAS,17,44.0,103.8,37.9,86.4,43.9,6.1,26.5,22.9,22.0,28.8,76.3,14.4,31.1,45.5,15.9,13.6,5.3,3.0,3.8,16.7,21.2,-6.1
271,R. Westbrook - R. Lopez - R. Neto - R. Hachimura - D. Avdija,WAS,11,44.0,104.2,38.9,76.4,50.9,9.7,26.4,36.8,16.7,26.4,63.2,4.2,37.5,41.7,26.4,15.3,8.3,4.2,4.2,9.7,18.1,0.0
272,I. Smith - B. Beal - A. Len - G. Mathews - D. Avdija,WAS,1,43.9,66.7,0.0,33.3,0.0,0.0,33.3,0.0,66.7,66.7,100,0.0,0.0,0.0,0.0,0.0,0.0,0.0,0.0,0.0,33.3,-66.7
273,I. Smith - B. Beal - T. Bryant - T. Brown Jr. - D. Avdija,WAS,3,43.9,122.2,44.4,88.9,50.0,22.2,33.3,66.7,11.1,11.1,100,22.2,22.2,44.4,22.2,22.2,0.0,0.0,0.0,22.2,11.1,-33.3
274,R. Westbrook - B. Beal - A. Len - R. Neto - R. Hachimura,WAS,7,43.9,129.5,52.5,95.1,55.2,4.1,13.9,29.4,20.5,22.1,92.6,12.3,35.2,47.5,34.4,9.8,6.6,5.7,4.1,21.3,19.7,17.2
275,R. Westbrook - B. Beal - T. Bryant - I. Bonga - D. Avdija,WAS,3,43.9,112.7,47.3,81.8,57.8,14.5,23.6,61.5,3.6,9.1,40.0,3.6,43.6,47.3,36.4,18.2,7.3,3.6,1.8,18.2,18.2,36.4
276,R. Westbrook - D. Bertans - A. Len - R. Neto - D. Avdija,WAS,7,43.9,98.8,34.9,81.4,42.9,9.3,27.9,33.3,19.8,31.4,63.0,12.8,43.0,55.8,19.8,17.4,5.8,7.0,4.7,25.6,25.6,14.0
277,R. Westbrook - R. Lopez - I. Smith - R. Neto - D. Avdija,WAS,2,43.9,33.3,11.1,100.0,11.1,0.0,33.3,0.0,11.1,22.2,50.0,22.2,33.3,55.6,0.0,11.1,0.0,0.0,0.0,33.3,22.2,-88.9
278,I. Smith - T. Brown Jr. - M. Wagner - R. Hachimura - G. Mathews,WAS,1,43.8,62.5,25.0,87.5,28.6,12.5,25.0,50.0,0.0,0.0,0.0,12.5,62.5,75.0,12.5,0.0,0.0,0.0,0.0,50.0,25.0,-12.5
279,R. Lopez - D. Bertans - B. Beal - R. Neto - R. Hachimura,WAS,14,43.7,112.7,38.1,95.2,40.0,11.1,36.5,30.4,25.4,30.2,84.2,20.6,25.4,46.0,20.6,11.1,12.7,1.6,6.3,19.0,27.0,14.3
280,R. Lopez - I. Smith - D. Bertans - B. Beal - T. Brown Jr.,WAS,6,43.7,105.3,42.1,68.4,61.5,5.3,21.1,25.0,15.8,15.8,100,0.0,26.3,26.3,21.1,15.8,5.3,5.3,5.3,26.3,15.8,-15.8
281,R. Westbrook - D. Bertans - B. Beal - A. Len - R. Neto,WAS,7,43.7,128.3,45.7,80.4,56.8,15.2,28.3,53.8,21.7,30.4,71.4,4.3,34.8,39.1,26.1,8.7,2.2,4.3,2.2,17.4,17.4,19.6
282,R. Westbrook - D. Bertans - B. Beal - I. Bonga - D. Gafford,WAS,1,43.7,140.0,40.0,60.0,66.7,20.0,20.0,100,40.0,80.0,50.0,20.0,40.0,60.0,20.0,20.0,0.0,20.0,0.0,20.0,40.0,0.0
283,R. Westbrook - A. Len - R. Neto - R. Hachimura - D. Avdija,WAS,3,43.6,70.3,27.0,73.0,37.0,2.7,24.3,11.1,13.5,27.0,50.0,8.1,29.7,37.8,16.2,18.9,0.0,2.7,8.1,16.2,13.5,-78.4
284,B. Beal - R. Neto - T. Bryant - R. Hachimura - D. Avdija,WAS,5,43.5,130.9,47.3,87.3,54.2,12.7,23.6,53.8,23.6,30.9,76.5,9.1,25.5,34.5,29.1,7.3,10.9,0.0,5.5,18.2,30.9,23.6
285,R. Lopez - B. Beal - J. Robinson - I. Bonga - G. Mathews,WAS,2,43.5,100.0,37.5,68.8,54.5,18.8,31.3,60.0,6.3,12.5,50.0,12.5,37.5,50.0,25.0,25.0,0.0,6.3,0.0,0.0,12.5,-25.0
286,R. Lopez - I. Bonga - G. Mathews - D. Avdija - C. Winston,WAS,1,43.5,85.7,28.6,71.4,40.0,14.3,28.6,50.0,14.3,28.6,50.0,0.0,35.7,35.7,28.6,7.1,7.1,0.0,0.0,21.4,21.4,-14.3
287,R. Lopez - R. Neto - J. Robinson - R. Hachimura - D. Avdija,WAS,1,43.5,100.0,43.5,104.3,41.7,4.3,30.4,14.3,8.7,13.0,66.7,4.3,39.1,43.5,30.4,0.0,4.3,0.0,13.0,4.3,13.0,-17.4
288,R. Westbrook - I. Smith - D. Gafford - G. Mathews - A. Gill,WAS,1,43.5,154.2,41.7,70.8,58.8,12.5,25.0,50.0,58.3,70.8,82.4,16.7,20.8,37.5,25.0,8.3,20.8,8.3,0.0,25.0,37.5,54.2
289,R. Westbrook - D. Bertans - B. Beal - T. Bryant - D. Avdija,WAS,4,43.4,114.3,37.5,78.6,47.7,8.9,33.9,26.3,30.4,39.3,77.3,3.6,21.4,25.0,25.0,10.7,5.4,5.4,3.6,25.0,23.2,-33.9
290,B. Beal - A. Len - J. Robinson - G. Mathews - A. Gill,WAS,1,43.3,0.0,0.0,66.7,0.0,0.0,33.3,0.0,0.0,0.0,0.0,0.0,0.0,0.0,0.0,33.3,0.0,0.0,0.0,0.0,0.0,-266.7
291,B. Beal - A. Len - R. Neto - G. Mathews - D. Avdija,WAS,2,43.3,80.0,20.0,40.0,50.0,0.0,20.0,0.0,40.0,40.0,100,0.0,20.0,20.0,20.0,20.0,0.0,0.0,0.0,40.0,20.0,-120.0
292,D. Bertans - B. Beal - R. Neto - M. Wagner - G. Mathews,WAS,1,43.3,0.0,0.0,66.7,0.0,0.0,33.3,0.0,0.0,0.0,0.0,0.0,33.3,33.3,0.0,33.3,0.0,0.0,33.3,33.3,0.0,-133.3
293,I. Smith - D. Bertans - B. Beal - A. Len - C. Hutchison,WAS,1,43.3,100.0,50.0,50.0,100,0.0,0.0,0.0,0.0,0.0,0.0,0.0,50.0,50.0,0.0,0.0,0.0,0.0,0.0,0.0,50.0,0.0
294,I. Smith - R. Neto - D. Gafford - G. Mathews - D. Avdija,WAS,1,43.3,83.3,33.3,83.3,40.0,16.7,16.7,100,0.0,0.0,0.0,0.0,16.7,16.7,16.7,0.0,0.0,0.0,0.0,0.0,0.0,-66.7
295,J. Robinson - I. Bonga - D. Gafford - G. Mathews - C. Winston,WAS,1,43.3,0.0,0.0,50.0,0.0,0.0,0.0,0.0,0.0,0.0,0.0,0.0,0.0,0.0,0.0,50.0,0.0,0.0,0.0,50.0,0.0,-200.0
296,M. Wagner - I. Bonga - G. Mathews - C. Winston - A. Gill,WAS,1,43.3,80.0,20.0,80.0,25.0,0.0,40.0,0.0,40.0,40.0,100,0.0,60.0,60.0,20.0,20.0,0.0,20.0,0.0,60.0,20.0,-40.0
297,R. Lopez - D. Bertans - B. Beal - T. Brown Jr. - R. Hachimura,WAS,1,43.3,300.0,100.0,100.0,100,100.0,100.0,100,0.0,0.0,0.0,0.0,100.0,100.0,100.0,0.0,0.0,0.0,0.0,0.0,0.0,300.0
298,R. Lopez - I. Smith - R. Neto - T. Brown Jr. - I. Bonga,WAS,1,43.3,120.0,40.0,60.0,66.7,0.0,0.0,0.0,40.0,60.0,66.7,0.0,20.0,20.0,20.0,20.0,20.0,0.0,0.0,40.0,40.0,40.0
299,R. Neto - I. Bonga - G. Mathews - C. Winston - A. Gill,WAS,1,43.3,50.0,0.0,25.0,0.0,0.0,25.0,0.0,50.0,50.0,100,0.0,25.0,25.0,0.0,25.0,0.0,0.0,0.0,50.0,25.0,-50.0
300,R. Westbrook - B. Beal - R. Neto - R. Hachimura - A. Gill,WAS,1,43.3,0.0,0.0,50.0,0.0,0.0,0.0,0.0,0.0,0.0,0.0,0.0,0.0,0.0,0.0,0.0,0.0,0.0,50.0,0.0,50.0,-100.0
301,R. Westbrook - R. Lopez - B. Beal - J. Robinson - I. Bonga,WAS,2,43.3,90.3,32.3,90.3,35.7,9.7,38.7,25.0,16.1,22.6,71.4,19.4,38.7,58.1,16.1,12.9,0.0,0.0,6.5,19.4,16.1,-16.1
302,R. Westbrook - R. Lopez - I. Smith - R. Neto - J. Robinson,WAS,1,43.3,66.7,33.3,100.0,33.3,0.0,0.0,0.0,0.0,0.0,0.0,0.0,33.3,33.3,33.3,0.0,0.0,0.0,0.0,33.3,0.0,-166.7
303,I. Smith - D. Bertans - B. Beal - M. Wagner - G. Mathews,WAS,4,43.2,135.7,50.0,85.7,58.3,14.3,21.4,66.7,21.4,25.0,85.7,7.1,28.6,35.7,25.0,14.3,14.3,3.6,7.1,21.4,28.6,39.3
304,R. Westbrook - D. Bertans - B. Beal - A. Len - R. Hachimura,WAS,12,43.2,103.0,40.2,91.7,43.8,6.8,25.8,26.5,15.9,22.0,72.4,15.9,34.8,50.8,16.7,12.1,6.8,3.8,6.1,18.9,19.7,-3.8
305,R. Westbrook - B. Beal - R. Hachimura - G. Mathews - D. Avdija,WAS,3,43.1,100.0,35.0,80.0,43.8,5.0,30.0,16.7,25.0,25.0,100,5.0,10.0,15.0,15.0,0.0,10.0,0.0,5.0,10.0,25.0,-25.0
306,R. Westbrook - B. Beal - R. Hachimura - I. Bonga - D. Avdija,WAS,1,43.1,0.0,0.0,33.3,0.0,0.0,33.3,0.0,0.0,0.0,0.0,0.0,66.7,66.7,0.0,66.7,0.0,0.0,0.0,0.0,0.0,-100.0
307,R. Westbrook - I. Smith - B. Beal - R. Hachimura - D. Gafford,WAS,4,43.1,115.4,46.2,76.9,60.0,0.0,7.7,0.0,23.1,30.8,75.0,0.0,7.7,7.7,23.1,7.7,15.4,0.0,0.0,15.4,15.4,7.7
308,R. Westbrook - I. Smith - D. Bertans - R. Hachimura - G. Mathews,WAS,1,43.1,114.3,42.9,71.4,60.0,28.6,42.9,66.7,0.0,0.0,0.0,0.0,42.9,42.9,42.9,14.3,0.0,0.0,0.0,14.3,14.3,28.6
309,R. Westbrook - I. Smith - R. Hachimura - D. Gafford - G. Mathews,WAS,2,43.1,116.7,50.0,83.3,60.0,0.0,16.7,0.0,16.7,33.3,50.0,16.7,50.0,66.7,16.7,16.7,0.0,16.7,0.0,33.3,16.7,16.7
310,R. Westbrook - B. Beal - M. Wagner - G. Mathews - D. Avdija,WAS,2,43.0,122.2,44.4,66.7,66.7,11.1,22.2,50.0,22.2,33.3,66.7,11.1,33.3,44.4,11.1,22.2,0.0,0.0,11.1,55.6,22.2,-11.1
311,R. Westbrook - B. Beal - M. Wagner - R. Hachimura - D. Avdija,WAS,5,43.0,146.7,40.0,86.7,46.2,0.0,33.3,0.0,66.7,66.7,100,13.3,6.7,20.0,26.7,0.0,13.3,0.0,6.7,20.0,46.7,26.7
312,R. Westbrook - B. Beal - T. Brown Jr. - M. Wagner - R. Hachimura,WAS,1,43.0,100.0,40.0,100.0,40.0,0.0,10.0,0.0,20.0,20.0,100,10.0,30.0,40.0,10.0,0.0,10.0,0.0,20.0,20.0,10.0,0.0
313,R. Westbrook - R. Lopez - B. Beal - R. Neto - D. Avdija,WAS,6,43.0,75.0,22.5,77.5,29.0,2.5,30.0,8.3,27.5,40.0,68.8,15.0,40.0,55.0,10.0,15.0,7.5,2.5,5.0,20.0,30.0,-25.0
314,R. Westbrook - R. Lopez - J. Robinson - R. Hachimura - G. Mathews,WAS,2,43.0,111.8,47.1,94.1,50.0,5.9,11.8,50.0,11.8,11.8,100,11.8,64.7,76.5,29.4,11.8,5.9,11.8,11.8,11.8,35.3,88.2
315,D. Bertans - B. Beal - A. Len - R. Neto - D. Avdija,WAS,7,42.9,115.6,34.4,75.0,45.8,15.6,25.0,62.5,31.3,34.4,90.9,6.3,34.4,40.6,28.1,15.6,12.5,9.4,12.5,21.9,21.9,-15.6
316,J. Robinson - M. Wagner - R. Hachimura - I. Bonga - G. Mathews,WAS,1,42.9,100.0,0.0,50.0,0.0,0.0,50.0,0.0,100.0,125.0,80.0,0.0,75.0,75.0,0.0,0.0,0.0,0.0,0.0,0.0,50.0,50.0
317,B. Beal - A. Len - I. Bonga - G. Mathews - C. Winston,WAS,2,42.8,120.0,50.0,90.0,55.6,20.0,50.0,40.0,0.0,0.0,0.0,0.0,10.0,10.0,40.0,10.0,20.0,10.0,0.0,30.0,10.0,20.0
318,R. Westbrook - D. Bertans - B. Beal - M. Wagner - R. Hachimura,WAS,8,42.8,96.4,31.0,75.0,41.3,9.5,32.1,29.6,25.0,35.7,70.0,4.8,34.5,39.3,22.6,13.1,6.0,4.8,3.6,25.0,31.0,-11.9
319,R. Westbrook - R. Lopez - D. Bertans - B. Beal - D. Avdija,WAS,9,42.8,126.5,52.9,94.1,56.3,8.8,29.4,30.0,11.8,14.7,80.0,14.7,38.2,52.9,32.4,14.7,2.9,2.9,5.9,14.7,17.6,47.1
320,R. Westbrook - R. Lopez - D. Bertans - B. Beal - I. Bonga,WAS,3,42.8,103.7,40.7,70.4,57.9,3.7,18.5,20.0,18.5,22.2,83.3,3.7,33.3,37.0,11.1,18.5,14.8,3.7,3.7,18.5,22.2,7.4
321,R. Neto - J. Robinson - R. Hachimura - D. Gafford - G. Mathews,WAS,1,42.7,0.0,0.0,60.0,0.0,0.0,20.0,0.0,0.0,0.0,0.0,0.0,20.0,20.0,0.0,20.0,20.0,0.0,0.0,0.0,0.0,-80.0
322,R. Westbrook - B. Beal - A. Len - R. Neto - A. Gill,WAS,4,42.7,112.5,46.3,82.5,56.1,15.0,26.3,57.1,5.0,8.8,57.1,3.8,35.0,38.8,30.0,16.3,7.5,2.5,5.0,18.8,12.5,-3.8
323,T. Brown Jr. - I. Bonga - G. Mathews - D. Avdija - A. Gill,WAS,1,42.7,300.0,100.0,100.0,100,100.0,100.0,100,0.0,0.0,0.0,0.0,0.0,0.0,100.0,0.0,0.0,0.0,0.0,0.0,0.0,300.0
324,B. Beal - A. Len - R. Neto - R. Hachimura - D. Avdija,WAS,4,42.6,71.4,28.6,78.6,36.4,14.3,28.6,50.0,0.0,0.0,0.0,0.0,57.1,57.1,28.6,14.3,0.0,0.0,7.1,21.4,7.1,21.4
325,D. Bertans - B. Beal - A. Len - R. Neto - G. Mathews,WAS,1,42.6,171.4,57.1,85.7,66.7,28.6,42.9,66.7,28.6,28.6,100,28.6,14.3,42.9,42.9,28.6,0.0,14.3,0.0,28.6,57.1,57.1
326,I. Smith - A. Len - R. Neto - R. Hachimura - D. Avdija,WAS,1,42.6,85.7,28.6,71.4,40.0,14.3,14.3,100,14.3,28.6,50.0,14.3,57.1,71.4,28.6,28.6,0.0,0.0,0.0,0.0,14.3,28.6
327,R. Westbrook - J. Bell - J. Robinson - I. Bonga - G. Mathews,WAS,1,42.6,46.2,7.7,61.5,12.5,0.0,23.1,0.0,30.8,46.2,66.7,0.0,30.8,30.8,0.0,15.4,7.7,0.0,7.7,23.1,30.8,-46.2
328,R. Westbrook - R. Lopez - I. Smith - D. Bertans - C. Hutchison,WAS,9,42.6,108.4,41.1,87.4,47.0,9.5,22.1,42.9,16.8,18.9,88.9,9.5,30.5,40.0,22.1,9.5,4.2,5.3,7.4,12.6,20.0,0.0
329,B. Beal - R. Neto - M. Wagner - R. Hachimura - I. Bonga,WAS,1,42.5,50.0,25.0,50.0,50.0,0.0,25.0,0.0,0.0,0.0,0.0,0.0,50.0,50.0,25.0,25.0,0.0,0.0,0.0,25.0,0.0,-75.0
330,R. Lopez - I. Smith - D. Bertans - B. Beal - R. Hachimura,WAS,10,42.5,116.7,47.2,83.3,56.7,13.9,19.4,71.4,8.3,11.1,75.0,5.6,38.9,44.4,30.6,11.1,0.0,2.8,2.8,19.4,11.1,30.6
331,R. Westbrook - A. Len - R. Hachimura - G. Mathews - D. Avdija,WAS,3,42.5,112.5,45.3,85.9,52.7,12.5,31.3,40.0,9.4,10.9,85.7,0.0,28.1,28.1,23.4,6.3,7.8,0.0,1.6,20.3,17.2,-4.7
332,R. Westbrook - B. Beal - R. Neto - T. Brown Jr. - M. Wagner,WAS,1,42.5,200.0,50.0,100.0,50.0,0.0,0.0,0.0,100.0,100.0,100,50.0,0.0,50.0,0.0,0.0,0.0,0.0,0.0,50.0,50.0,-50.0
333,R. Westbrook - R. Lopez - I. Bonga - G. Mathews - D. Avdija,WAS,1,42.5,66.7,16.7,83.3,20.0,0.0,0.0,0.0,33.3,33.3,100,16.7,16.7,33.3,0.0,16.7,16.7,0.0,16.7,16.7,33.3,-50.0
334,R. Westbrook - D. Bertans - B. Beal - R. Neto - D. Gafford,WAS,6,42.4,111.8,32.4,88.2,36.7,5.9,23.5,25.0,41.2,52.9,77.8,17.6,35.3,52.9,11.8,2.9,5.9,5.9,2.9,14.7,35.3,32.4
335,R. Westbrook - I. Smith - D. Bertans - D. Gafford - G. Mathews,WAS,6,42.4,94.8,32.8,81.0,40.4,10.3,39.7,26.1,19.0,27.6,68.8,6.9,34.5,41.4,25.9,13.8,3.4,5.2,3.4,19.0,22.4,-8.6
336,R. Westbrook - R. Lopez - D. Bertans - T. Brown Jr. - R. Hachimura,WAS,1,42.4,77.8,33.3,88.9,37.5,0.0,33.3,0.0,11.1,11.1,100,0.0,22.2,22.2,0.0,0.0,11.1,0.0,0.0,0.0,11.1,-44.4
337,R. Westbrook - R. Lopez - R. Neto - D. Avdija - C. Winston,WAS,1,42.4,0.0,0.0,50.0,0.0,0.0,50.0,0.0,0.0,0.0,0.0,0.0,100.0,100.0,0.0,0.0,0.0,0.0,0.0,0.0,0.0,0.0
338,R. Westbrook - R. Neto - J. Bell - J. Robinson - G. Mathews,WAS,1,42.4,71.4,28.6,100.0,28.6,14.3,57.1,25.0,0.0,0.0,0.0,14.3,28.6,42.9,14.3,0.0,0.0,0.0,14.3,28.6,0.0,-85.7
339,I. Smith - B. Beal - T. Bryant - I. Bonga - D. Avdija,WAS,1,42.3,87.5,37.5,75.0,50.0,12.5,50.0,25.0,0.0,0.0,0.0,0.0,37.5,37.5,25.0,12.5,12.5,12.5,0.0,25.0,0.0,-25.0
340,I. Smith - D. Bertans - A. Len - J. Robinson - I. Bonga,WAS,1,42.3,90.0,30.0,80.0,37.5,10.0,40.0,25.0,20.0,20.0,100,0.0,30.0,30.0,20.0,20.0,0.0,10.0,10.0,20.0,10.0,-40.0
341,B. Beal - A. Len - J. Robinson - I. Bonga - G. Mathews,WAS,2,42.2,116.7,33.3,55.6,60.0,16.7,27.8,60.0,33.3,38.9,85.7,5.6,44.4,50.0,33.3,27.8,5.6,0.0,5.6,22.2,22.2,50.0
342,B. Beal - A. Len - R. Neto - C. Hutchison - R. Hachimura,WAS,1,42.2,116.7,50.0,83.3,60.0,16.7,33.3,50.0,0.0,0.0,0.0,0.0,66.7,66.7,16.7,0.0,0.0,16.7,0.0,0.0,0.0,83.3
343,R. Lopez - T. Brown Jr. - I. Bonga - G. Mathews - D. Avdija,WAS,1,42.2,27.3,0.0,54.5,0.0,0.0,27.3,0.0,27.3,36.4,75.0,18.2,27.3,45.5,0.0,36.4,0.0,0.0,0.0,54.5,18.2,-109.1
344,R. Westbrook - I. Smith - G. Mathews - D. Avdija - A. Gill,WAS,1,42.2,66.7,33.3,66.7,50.0,0.0,33.3,0.0,0.0,0.0,0.0,33.3,33.3,66.7,33.3,33.3,0.0,33.3,0.0,33.3,0.0,-100.0
345,R. Westbrook - R. Lopez - I. Smith - C. Hutchison - G. Mathews,WAS,2,42.2,66.7,25.0,83.3,30.0,8.3,33.3,25.0,8.3,8.3,100,16.7,16.7,33.3,8.3,41.7,0.0,0.0,8.3,16.7,0.0,-75.0
346,R. Westbrook - I. Smith - C. Hutchison - D. Gafford - G. Mathews,WAS,2,42.1,121.4,50.0,92.9,53.8,14.3,42.9,33.3,7.1,21.4,33.3,0.0,28.6,28.6,35.7,0.0,14.3,0.0,0.0,7.1,14.3,7.1
347,R. Westbrook - R. Lopez - I. Smith - D. Bertans - I. Bonga,WAS,2,42.1,83.3,33.3,58.3,57.1,8.3,25.0,33.3,8.3,8.3,100,8.3,33.3,41.7,16.7,33.3,0.0,8.3,0.0,16.7,25.0,0.0
348,R. Lopez - I. Smith - D. Bertans - B. Beal - G. Mathews,WAS,3,42.0,155.6,44.4,88.9,50.0,33.3,66.7,50.0,33.3,33.3,100,11.1,33.3,44.4,33.3,11.1,11.1,0.0,0.0,44.4,33.3,66.7
349,R. Westbrook - A. Len - C. Hutchison - J. Robinson - R. Hachimura,WAS,2,42.0,40.0,20.0,120.0,16.7,0.0,0.0,0.0,0.0,0.0,0.0,40.0,20.0,60.0,0.0,0.0,0.0,0.0,0.0,20.0,0.0,-100.0
350,I. Smith - D. Bertans - R. Neto - R. Hachimura - D. Gafford,WAS,1,41.9,157.1,57.1,85.7,66.7,14.3,28.6,50.0,28.6,28.6,100,0.0,28.6,28.6,57.1,0.0,28.6,0.0,14.3,0.0,28.6,100.0
351,R. Lopez - C. Hutchison - J. Robinson - R. Hachimura - C. Winston,WAS,1,41.9,77.8,22.2,100.0,22.2,0.0,44.4,0.0,33.3,33.3,100,33.3,22.2,55.6,0.0,22.2,11.1,0.0,11.1,11.1,11.1,-55.6
352,R. Westbrook - B. Beal - C. Hutchison - R. Hachimura - D. Gafford,WAS,1,41.9,85.7,42.9,57.1,75.0,0.0,0.0,0.0,0.0,28.6,0.0,0.0,14.3,14.3,42.9,14.3,14.3,28.6,0.0,14.3,14.3,-85.7
353,R. Westbrook - B. Beal - T. Bryant - R. Hachimura - G. Mathews,WAS,1,41.9,112.5,37.5,62.5,60.0,12.5,12.5,100,25.0,25.0,100,0.0,25.0,25.0,37.5,12.5,0.0,0.0,0.0,12.5,25.0,50.0
354,R. Westbrook - R. Lopez - D. Bertans - R. Neto - R. Hachimura,WAS,11,41.9,97.9,36.2,76.6,47.2,14.9,23.4,63.6,10.6,12.8,83.3,2.1,44.7,46.8,27.7,17.0,2.1,0.0,10.6,19.1,10.6,17.0
355,R. Westbrook - R. Lopez - I. Smith - D. Bertans - J. Robinson,WAS,3,41.9,46.2,15.4,92.3,16.7,7.7,23.1,33.3,7.7,15.4,50.0,15.4,23.1,38.5,7.7,7.7,7.7,0.0,15.4,30.8,15.4,-53.8
356,R. Westbrook - R. Lopez - R. Neto - C. Hutchison - G. Mathews,WAS,2,41.9,100.0,44.4,88.9,50.0,11.1,11.1,100,0.0,0.0,0.0,5.6,38.9,44.4,5.6,11.1,5.6,5.6,5.6,11.1,16.7,5.6
357,I. Smith - D. Bertans - B. Beal - M. Wagner - R. Hachimura,WAS,2,41.8,91.7,33.3,83.3,40.0,8.3,41.7,20.0,16.7,25.0,66.7,8.3,25.0,33.3,16.7,8.3,0.0,0.0,0.0,0.0,25.0,-75.0
358,R. Westbrook - R. Lopez - B. Beal - R. Hachimura - G. Mathews,WAS,11,41.8,97.6,35.3,82.4,42.9,7.1,28.2,25.0,20.0,25.9,77.3,5.9,41.2,47.1,21.2,9.4,7.1,2.4,0.0,20.0,20.0,1.2
359,A. Len - R. Neto - C. Hutchison - R. Hachimura - D. Avdija,WAS,1,41.7,66.7,33.3,66.7,50.0,0.0,0.0,0.0,0.0,0.0,0.0,0.0,66.7,66.7,0.0,33.3,0.0,0.0,33.3,33.3,0.0,33.3
360,A. Len - R. Neto - J. Robinson - R. Hachimura - G. Mathews,WAS,1,41.7,0.0,0.0,50.0,0.0,0.0,0.0,0.0,0.0,0.0,0.0,0.0,0.0,0.0,0.0,50.0,0.0,0.0,50.0,100.0,0.0,-150.0
361,A. Len - T. Brown Jr. - I. Bonga - G. Mathews - A. Gill,WAS,1,41.7,66.7,33.3,33.3,100,0.0,0.0,0.0,0.0,0.0,0.0,0.0,0.0,0.0,33.3,33.3,0.0,0.0,0.0,0.0,0.0,-33.3
362,I. Smith - G. Mathews - D. Avdija - C. Winston - A. Gill,WAS,1,41.7,50.0,0.0,50.0,0.0,0.0,25.0,0.0,50.0,50.0,100,0.0,25.0,25.0,0.0,0.0,0.0,0.0,0.0,25.0,25.0,-50.0
363,R. Lopez - D. Bertans - B. Beal - R. Neto - J. Robinson,WAS,1,41.7,75.0,25.0,87.5,28.6,0.0,25.0,0.0,25.0,25.0,100,12.5,75.0,87.5,25.0,12.5,0.0,12.5,0.0,0.0,12.5,50.0
364,R. Lopez - I. Smith - C. Hutchison - R. Hachimura - G. Mathews,WAS,1,41.7,200.0,100.0,100.0,100,0.0,0.0,0.0,0.0,0.0,0.0,0.0,0.0,0.0,0.0,0.0,0.0,0.0,0.0,100.0,0.0,0.0
365,R. Westbrook - B. Beal - T. Bryant - I. Bonga - A. Gill,WAS,1,41.7,33.3,0.0,66.7,0.0,0.0,16.7,0.0,33.3,33.3,100,16.7,33.3,50.0,0.0,33.3,0.0,0.0,0.0,0.0,16.7,-66.7
366,R. Westbrook - D. Bertans - B. Beal - T. Bryant - R. Hachimura,WAS,4,41.7,117.5,42.9,74.6,57.4,12.7,20.6,61.5,19.0,22.2,85.7,4.8,34.9,39.7,25.4,17.5,6.3,3.2,1.6,23.8,17.5,6.3
367,R. Westbrook - I. Smith - D. Bertans - R. Neto - T. Bryant,WAS,1,41.7,0.0,0.0,100.0,0.0,0.0,0.0,0.0,0.0,0.0,0.0,0.0,0.0,0.0,0.0,0.0,0.0,0.0,0.0,50.0,0.0,-200.0
368,R. Westbrook - R. Lopez - I. Smith - C. Hutchison - R. Hachimura,WAS,1,41.7,0.0,0.0,100.0,0.0,0.0,33.3,0.0,0.0,0.0,0.0,0.0,33.3,33.3,0.0,0.0,0.0,0.0,0.0,33.3,0.0,-66.7
369,B. Beal - A. Len - R. Neto - J. Bell - I. Bonga,WAS,1,41.5,100.0,44.4,100.0,44.4,0.0,33.3,0.0,11.1,11.1,100,0.0,33.3,33.3,33.3,0.0,22.2,0.0,0.0,11.1,11.1,11.1
370,R. Westbrook - I. Smith - D. Bertans - R. Hachimura - D. Gafford,WAS,4,41.5,135.7,42.9,78.6,54.5,14.3,32.1,44.4,35.7,46.4,76.9,10.7,32.1,42.9,25.0,3.6,10.7,3.6,3.6,7.1,35.7,42.9
371,B. Beal - R. Neto - T. Brown Jr. - M. Wagner - D. Avdija,WAS,2,41.4,100.0,16.7,16.7,100,0.0,0.0,0.0,66.7,83.3,80.0,0.0,0.0,0.0,16.7,33.3,0.0,0.0,0.0,33.3,33.3,-100.0
372,D. Bertans - B. Beal - R. Neto - T. Bryant - D. Avdija,WAS,3,41.4,126.7,46.7,86.7,53.8,0.0,13.3,0.0,33.3,33.3,100,6.7,26.7,33.3,40.0,6.7,6.7,0.0,6.7,20.0,26.7,33.3
373,I. Smith - B. Beal - D. Gafford - G. Mathews - D. Avdija,WAS,1,41.4,166.7,66.7,100.0,66.7,0.0,16.7,0.0,33.3,33.3,100,0.0,50.0,50.0,16.7,0.0,0.0,0.0,0.0,33.3,33.3,50.0
374,R. Westbrook - R. Lopez - B. Beal - I. Bonga - G. Mathews,WAS,3,41.4,63.6,27.3,72.7,37.5,0.0,9.1,0.0,9.1,36.4,25.0,9.1,27.3,36.4,9.1,18.2,9.1,0.0,9.1,45.5,36.4,-18.2
375,R. Westbrook - R. Lopez - C. Hutchison - R. Hachimura - G. Mathews,WAS,1,41.2,66.7,33.3,116.7,28.6,0.0,66.7,0.0,0.0,0.0,0.0,16.7,50.0,66.7,33.3,0.0,0.0,0.0,0.0,0.0,0.0,0.0
376,D. Bertans - B. Beal - R. Neto - M. Wagner - R. Hachimura,WAS,5,41.1,92.3,30.8,73.1,42.1,15.4,23.1,66.7,15.4,15.4,100,0.0,46.2,46.2,19.2,15.4,7.7,0.0,11.5,7.7,11.5,15.4
377,D. Bertans - B. Beal - R. Neto - T. Bryant - R. Hachimura,WAS,2,41.1,100.0,45.5,90.9,50.0,0.0,18.2,0.0,9.1,9.1,100,18.2,27.3,45.5,18.2,18.2,9.1,0.0,0.0,18.2,18.2,-27.3
378,D. Bertans - R. Neto - J. Robinson - M. Wagner - D. Avdija,WAS,1,41.1,100.0,33.3,100.0,33.3,33.3,33.3,100,0.0,0.0,0.0,0.0,0.0,0.0,33.3,0.0,0.0,0.0,0.0,33.3,0.0,-133.3
379,I. Smith - B. Beal - T. Bryant - R. Hachimura - D. Avdija,WAS,3,41.1,33.3,16.7,83.3,20.0,0.0,33.3,0.0,0.0,0.0,0.0,0.0,0.0,0.0,16.7,0.0,16.7,0.0,0.0,33.3,16.7,-66.7
380,R. Neto - C. Hutchison - R. Hachimura - D. Gafford - D. Avdija,WAS,1,41.1,66.7,33.3,66.7,50.0,0.0,0.0,0.0,0.0,0.0,0.0,0.0,33.3,33.3,0.0,33.3,0.0,0.0,0.0,0.0,0.0,-100.0
381,R. Westbrook - R. Lopez - B. Beal - R. Neto - J. Robinson,WAS,1,41.1,166.7,66.7,66.7,100,33.3,33.3,100,0.0,0.0,0.0,0.0,33.3,33.3,33.3,33.3,0.0,0.0,0.0,0.0,33.3,100.0
382,R. Westbrook - R. Neto - J. Robinson - D. Gafford - G. Mathews,WAS,1,41.1,100.0,33.3,100.0,33.3,0.0,0.0,0.0,33.3,33.3,100,0.0,0.0,0.0,0.0,0.0,0.0,0.0,0.0,33.3,33.3,-66.7
383,A. Len - T. Brown Jr. - I. Bonga - D. Avdija - A. Gill,WAS,1,40.9,0.0,0.0,50.0,0.0,0.0,0.0,0.0,0.0,0.0,0.0,0.0,50.0,50.0,0.0,50.0,0.0,50.0,0.0,50.0,0.0,-100.0
384,R. Westbrook - R. Neto - R. Hachimura - D. Gafford - G. Mathews,WAS,4,40.9,118.2,45.5,90.9,50.0,4.5,22.7,20.0,22.7,27.3,83.3,9.1,13.6,22.7,36.4,4.5,4.5,0.0,13.6,27.3,31.8,-9.1
385,B. Beal - R. Neto - R. Hachimura - G. Mathews - D. Avdija,WAS,1,40.8,50.0,25.0,75.0,33.3,0.0,25.0,0.0,0.0,0.0,0.0,0.0,0.0,0.0,0.0,0.0,25.0,0.0,0.0,0.0,50.0,-25.0
386,I. Smith - B. Beal - R. Neto - C. Hutchison - D. Gafford,WAS,1,40.8,0.0,0.0,50.0,0.0,0.0,0.0,0.0,0.0,0.0,0.0,0.0,50.0,50.0,0.0,0.0,0.0,0.0,0.0,0.0,0.0,0.0
387,R. Lopez - I. Smith - D. Bertans - J. Robinson - D. Avdija,WAS,2,40.8,100.0,40.0,93.3,42.9,6.7,40.0,16.7,13.3,13.3,100,13.3,33.3,46.7,40.0,13.3,13.3,0.0,0.0,13.3,13.3,-26.7
388,R. Westbrook - I. Smith - D. Bertans - C. Hutchison - D. Gafford,WAS,9,40.8,125.7,47.3,86.5,54.7,13.5,24.3,55.6,17.6,23.0,76.5,12.2,29.7,41.9,31.1,12.2,6.8,4.1,6.8,21.6,20.3,23.0
389,R. Westbrook - R. Lopez - B. Beal - J. Robinson - G. Mathews,WAS,1,40.8,100.0,50.0,50.0,100,0.0,0.0,0.0,0.0,0.0,0.0,0.0,16.7,16.7,33.3,50.0,0.0,0.0,0.0,16.7,0.0,-66.7
390,R. Westbrook - R. Lopez - I. Smith - D. Bertans - R. Neto,WAS,6,40.8,100.0,36.6,82.9,44.1,9.8,39.0,25.0,17.1,24.4,70.0,9.8,51.2,61.0,17.1,12.2,7.3,0.0,2.4,17.1,14.6,39.0
391,R. Westbrook - R. Neto - C. Hutchison - D. Gafford - G. Mathews,WAS,1,40.8,129.4,47.1,82.4,57.1,5.9,5.9,100,29.4,35.3,83.3,11.8,29.4,41.2,41.2,5.9,0.0,11.8,11.8,17.6,29.4,11.8
392,D. Bertans - B. Beal - A. Len - T. Brown Jr. - R. Hachimura,WAS,1,40.7,122.2,44.4,77.8,57.1,33.3,66.7,50.0,0.0,0.0,0.0,11.1,55.6,66.7,33.3,22.2,11.1,11.1,0.0,33.3,11.1,44.4
393,R. Neto - C. Hutchison - I. Bonga - G. Mathews - A. Gill,WAS,1,40.7,120.0,40.0,80.0,50.0,0.0,20.0,0.0,40.0,40.0,100,20.0,40.0,60.0,40.0,0.0,20.0,0.0,0.0,40.0,20.0,100.0
394,R. Westbrook - B. Beal - A. Len - R. Neto - D. Avdija,WAS,4,40.7,117.4,45.7,76.1,60.0,4.3,17.4,25.0,21.7,21.7,100,4.3,39.1,43.5,23.9,19.6,19.6,0.0,4.3,15.2,17.4,41.3
395,I. Smith - A. Len - T. Brown Jr. - R. Hachimura - D. Avdija,WAS,1,40.6,116.7,50.0,83.3,60.0,16.7,16.7,100,0.0,0.0,0.0,0.0,33.3,33.3,33.3,16.7,0.0,0.0,0.0,33.3,0.0,16.7
396,I. Smith - D. Bertans - B. Beal - T. Bryant - J. Robinson,WAS,1,40.6,100.0,33.3,100.0,33.3,33.3,100.0,33.3,0.0,0.0,0.0,0.0,66.7,66.7,33.3,0.0,0.0,0.0,0.0,33.3,0.0,0.0
397,R. Westbrook - A. Len - I. Bonga - G. Mathews - C. Winston,WAS,1,40.6,100.0,33.3,66.7,50.0,33.3,66.7,50.0,0.0,0.0,0.0,0.0,33.3,33.3,33.3,0.0,0.0,0.0,0.0,0.0,0.0,-33.3
398,R. Westbrook - I. Smith - D. Bertans - M. Wagner - G. Mathews,WAS,3,40.6,139.0,48.8,87.8,55.6,22.0,48.8,45.0,19.5,22.0,88.9,4.9,19.5,24.4,29.3,7.3,9.8,2.4,4.9,17.1,17.1,2.4
399,R. Westbrook - R. Neto - I. Bonga - D. Gafford - G. Mathews,WAS,1,40.6,85.7,42.9,85.7,50.0,0.0,14.3,0.0,0.0,0.0,0.0,0.0,14.3,14.3,28.6,14.3,0.0,0.0,0.0,42.9,28.6,0.0
400,R. Lopez - I. Smith - D. Bertans - B. Beal - A. Gill,WAS,1,40.4,175.0,50.0,125.0,40.0,0.0,0.0,0.0,75.0,75.0,100,25.0,0.0,25.0,25.0,0.0,0.0,25.0,0.0,0.0,50.0,75.0
401,R. Westbrook - D. Bertans - A. Len - R. Neto - R. Hachimura,WAS,3,40.4,81.3,31.3,81.3,38.5,6.3,31.3,20.0,12.5,12.5,100,0.0,25.0,25.0,25.0,6.3,12.5,0.0,0.0,25.0,6.3,0.0
402,R. Westbrook - R. Lopez - R. Neto - I. Bonga - G. Mathews,WAS,3,40.4,100.0,25.0,41.7,60.0,16.7,25.0,66.7,33.3,41.7,80.0,8.3,25.0,33.3,16.7,33.3,0.0,16.7,0.0,41.7,33.3,16.7
403,I. Smith - B. Beal - T. Bryant - D. Avdija - A. Gill,WAS,1,40.3,150.0,33.3,83.3,40.0,33.3,50.0,66.7,50.0,50.0,100,16.7,16.7,33.3,33.3,16.7,0.0,0.0,0.0,50.0,33.3,33.3
404,R. Westbrook - B. Beal - R. Neto - D. Gafford - D. Avdija,WAS,1,40.3,118.2,45.5,72.7,62.5,9.1,18.2,50.0,18.2,36.4,50.0,18.2,36.4,54.5,27.3,27.3,18.2,0.0,9.1,27.3,18.2,18.2
405,R. Westbrook - R. Lopez - B. Beal - T. Brown Jr. - R. Hachimura,WAS,2,40.3,60.0,0.0,40.0,0.0,0.0,20.0,0.0,60.0,80.0,75.0,0.0,0.0,0.0,0.0,20.0,0.0,0.0,0.0,20.0,40.0,-120.0
406,R. Lopez - I. Smith - D. Bertans - B. Beal - J. Robinson,WAS,2,40.2,66.7,33.3,133.3,25.0,0.0,33.3,0.0,0.0,0.0,0.0,33.3,33.3,66.7,0.0,0.0,0.0,0.0,11.1,0.0,22.2,-33.3
407,I. Smith - D. Bertans - B. Beal - R. Hachimura - D. Gafford,WAS,4,40.1,103.4,41.4,72.4,57.1,3.4,6.9,50.0,17.2,20.7,83.3,6.9,41.4,48.3,24.1,24.1,13.8,3.4,6.9,17.2,17.2,27.6
408,R. Westbrook - R. Lopez - I. Smith - D. Bertans - T. Brown Jr.,WAS,4,40.1,107.8,37.3,82.4,45.2,15.7,37.3,42.1,17.6,23.5,75.0,3.9,31.4,35.3,25.5,15.7,3.9,0.0,3.9,13.7,19.6,11.8
409,A. Len - M. Wagner - I. Bonga - G. Mathews - C. Winston,WAS,1,40.0,100.0,33.3,33.3,100,33.3,33.3,100,0.0,0.0,0.0,0.0,66.7,66.7,33.3,66.7,0.0,0.0,0.0,0.0,0.0,100.0
410,I. Smith - B. Beal - I. Bonga - D. Gafford - G. Mathews,WAS,1,40.0,175.0,50.0,75.0,66.7,0.0,25.0,0.0,75.0,75.0,100,0.0,25.0,25.0,0.0,0.0,0.0,0.0,0.0,0.0,50.0,25.0
411,I. Smith - B. Beal - R. Neto - I. Bonga - D. Gafford,WAS,2,40.0,66.7,33.3,100.0,33.3,0.0,0.0,0.0,0.0,0.0,0.0,0.0,33.3,33.3,33.3,0.0,33.3,0.0,0.0,100.0,0.0,-66.7
412,I. Smith - D. Bertans - A. Len - R. Neto - G. Mathews,WAS,1,40.0,200.0,100.0,100.0,100,0.0,0.0,0.0,0.0,0.0,0.0,0.0,0.0,0.0,50.0,0.0,50.0,0.0,0.0,0.0,50.0,200.0
413,R. Lopez - B. Beal - T. Brown Jr. - R. Hachimura - I. Bonga,WAS,1,40.0,0.0,0.0,60.0,0.0,0.0,40.0,0.0,0.0,0.0,0.0,0.0,40.0,40.0,0.0,20.0,20.0,0.0,20.0,0.0,20.0,-60.0
414,R. Westbrook - I. Smith - R. Hachimura - G. Mathews - A. Gill,WAS,1,40.0,66.7,33.3,66.7,50.0,0.0,0.0,0.0,0.0,0.0,0.0,0.0,33.3,33.3,0.0,33.3,0.0,0.0,0.0,33.3,33.3,-33.3
415,R. Westbrook - R. Lopez - I. Smith - D. Bertans - B. Beal,WAS,7,40.0,120.0,43.3,83.3,52.0,10.0,43.3,23.1,23.3,26.7,87.5,3.3,30.0,33.3,26.7,10.0,6.7,0.0,0.0,23.3,13.3,23.3
416,R. Westbrook - R. Lopez - I. Smith - T. Brown Jr. - G. Mathews,WAS,1,40.0,80.0,40.0,120.0,33.3,0.0,20.0,0.0,0.0,0.0,0.0,40.0,20.0,60.0,40.0,20.0,0.0,0.0,0.0,40.0,0.0,-80.0
417,R. Westbrook - R. Lopez - D. Bertans - B. Beal - G. Mathews,WAS,5,39.9,73.7,15.8,84.2,18.8,5.3,52.6,10.0,36.8,42.1,87.5,10.5,36.8,47.4,15.8,10.5,5.3,0.0,0.0,15.8,26.3,-10.5
418,I. Smith - B. Beal - A. Len - R. Neto - R. Hachimura,WAS,3,39.8,109.1,54.5,72.7,75.0,0.0,0.0,0.0,0.0,0.0,0.0,0.0,18.2,18.2,36.4,18.2,27.3,0.0,0.0,27.3,0.0,27.3
419,I. Smith - D. Bertans - T. Bryant - R. Hachimura - I. Bonga,WAS,1,39.8,0.0,0.0,100.0,0.0,0.0,100.0,0.0,0.0,0.0,0.0,0.0,0.0,0.0,0.0,0.0,0.0,0.0,0.0,0.0,0.0,0.0
420,R. Westbrook - A. Len - J. Robinson - I. Bonga - G. Mathews,WAS,2,39.8,111.1,44.4,88.9,50.0,22.2,55.6,40.0,0.0,0.0,0.0,11.1,22.2,33.3,22.2,11.1,22.2,0.0,0.0,55.6,0.0,0.0
421,R. Westbrook - A. Len - G. Mathews - C. Winston - A. Gill,WAS,1,39.7,0.0,0.0,81.8,0.0,0.0,54.5,0.0,0.0,18.2,0.0,0.0,45.5,45.5,0.0,9.1,9.1,0.0,18.2,0.0,9.1,-90.9
422,I. Smith - A. Pasecniks - T. Brown Jr. - J. Robinson - G. Mathews,WAS,1,39.6,50.0,25.0,125.0,20.0,0.0,75.0,0.0,0.0,0.0,0.0,50.0,25.0,75.0,25.0,25.0,0.0,0.0,25.0,25.0,0.0,0.0
423,R. Westbrook - R. Lopez - D. Bertans - R. Neto - I. Bonga,WAS,2,39.6,100.0,29.4,82.4,35.7,11.8,29.4,40.0,29.4,29.4,100,11.8,11.8,23.5,17.6,5.9,0.0,11.8,11.8,17.6,35.3,-23.5
424,R. Westbrook - R. Neto - R. Hachimura - D. Gafford - D. Avdija,WAS,1,39.6,25.0,0.0,50.0,0.0,0.0,0.0,0.0,25.0,25.0,100,0.0,50.0,50.0,0.0,25.0,0.0,0.0,25.0,25.0,0.0,-100.0
425,R. Westbrook - R. Lopez - B. Beal - R. Neto - I. Bonga,WAS,4,39.5,131.3,56.3,75.0,75.0,6.3,12.5,50.0,12.5,12.5,100,0.0,31.3,31.3,37.5,18.8,12.5,6.3,0.0,18.8,18.8,68.8
426,A. Len - R. Neto - J. Robinson - R. Hachimura - D. Avdija,WAS,1,39.4,66.7,33.3,83.3,40.0,0.0,33.3,0.0,0.0,0.0,0.0,0.0,66.7,66.7,16.7,16.7,0.0,16.7,0.0,0.0,0.0,16.7
427,A. Len - R. Neto - T. Brown Jr. - R. Hachimura - D. Avdija,WAS,1,39.4,166.7,33.3,100.0,33.3,33.3,33.3,100,66.7,66.7,100,33.3,33.3,66.7,33.3,0.0,0.0,0.0,0.0,0.0,33.3,100.0
428,R. Lopez - I. Smith - B. Beal - R. Neto - R. Hachimura,WAS,4,39.4,88.9,33.3,55.6,60.0,22.2,33.3,66.7,0.0,0.0,0.0,0.0,11.1,11.1,22.2,11.1,0.0,0.0,0.0,11.1,22.2,-33.3
429,R. Lopez - I. Smith - B. Beal - T. Brown Jr. - D. Avdija,WAS,3,39.4,111.1,55.6,77.8,71.4,0.0,11.1,0.0,0.0,11.1,0.0,0.0,22.2,22.2,44.4,11.1,0.0,11.1,0.0,11.1,11.1,0.0
430,I. Smith - D. Bertans - B. Beal - A. Len - G. Mathews,WAS,2,39.3,66.7,33.3,83.3,40.0,0.0,33.3,0.0,0.0,0.0,0.0,0.0,16.7,16.7,25.0,8.3,8.3,0.0,16.7,16.7,8.3,-33.3
431,R. Westbrook - A. Len - R. Neto - C. Hutchison - D. Avdija,WAS,2,39.3,40.0,20.0,120.0,16.7,0.0,0.0,0.0,0.0,0.0,0.0,40.0,0.0,40.0,0.0,20.0,20.0,0.0,20.0,20.0,0.0,-180.0
432,R. Lopez - B. Beal - R. Neto - T. Brown Jr. - R. Hachimura,WAS,1,39.2,150.0,33.3,83.3,40.0,16.7,16.7,100,66.7,66.7,100,16.7,66.7,83.3,16.7,0.0,0.0,0.0,0.0,33.3,50.0,116.7
433,R. Westbrook - B. Beal - M. Wagner - R. Hachimura - I. Bonga,WAS,2,39.2,46.2,23.1,84.6,27.3,0.0,38.5,0.0,0.0,0.0,0.0,15.4,38.5,53.8,23.1,30.8,0.0,7.7,0.0,7.7,0.0,-76.9
434,R. Westbrook - I. Smith - B. Beal - R. Hachimura - D. Avdija,WAS,1,39.2,125.0,25.0,50.0,50.0,0.0,25.0,0.0,75.0,75.0,100,0.0,25.0,25.0,25.0,25.0,25.0,0.0,0.0,0.0,25.0,75.0
435,I. Smith - R. Neto - C. Hutchison - R. Hachimura - D. Gafford,WAS,2,39.0,40.0,20.0,100.0,20.0,0.0,20.0,0.0,0.0,0.0,0.0,40.0,0.0,40.0,0.0,20.0,0.0,0.0,0.0,20.0,0.0,-180.0
436,R. Westbrook - B. Beal - R. Neto - T. Bryant - D. Avdija,WAS,2,39.0,140.0,60.0,80.0,75.0,20.0,40.0,50.0,0.0,0.0,0.0,0.0,20.0,20.0,40.0,20.0,0.0,0.0,0.0,40.0,0.0,20.0
437,R. Westbrook - I. Smith - R. Neto - I. Bonga - D. Gafford,WAS,1,39.0,125.0,37.5,87.5,42.9,0.0,25.0,0.0,50.0,50.0,100,0.0,25.0,25.0,37.5,12.5,0.0,12.5,0.0,0.0,37.5,0.0
438,R. Westbrook - R. Neto - C. Hutchison - R. Hachimura - D. Gafford,WAS,2,39.0,117.6,52.9,100.0,52.9,5.9,17.6,33.3,5.9,17.6,33.3,17.6,35.3,52.9,35.3,11.8,23.5,5.9,0.0,17.6,17.6,23.5
439,R. Lopez - I. Smith - D. Bertans - B. Beal - R. Neto,WAS,5,38.9,86.4,40.9,77.3,52.9,0.0,13.6,0.0,4.5,4.5,100,0.0,31.8,31.8,18.2,13.6,4.5,0.0,0.0,22.7,9.1,4.5
440,R. Lopez - R. Neto - I. Bonga - C. Winston - A. Gill,WAS,1,38.9,166.7,66.7,100.0,66.7,33.3,66.7,50.0,0.0,0.0,0.0,0.0,33.3,33.3,66.7,0.0,0.0,0.0,0.0,0.0,0.0,100.0
441,R. Neto - R. Hachimura - G. Mathews - D. Avdija - C. Winston,WAS,1,38.9,100.0,33.3,66.7,50.0,33.3,66.7,50.0,0.0,0.0,0.0,0.0,33.3,33.3,33.3,0.0,0.0,0.0,0.0,0.0,0.0,33.3
442,A. Len - R. Neto - R. Hachimura - G. Mathews - D. Avdija,WAS,1,38.8,114.3,42.9,85.7,50.0,28.6,42.9,66.7,0.0,0.0,0.0,0.0,57.1,57.1,42.9,0.0,0.0,28.6,0.0,0.0,0.0,85.7
443,R. Westbrook - T. Bryant - T. Brown Jr. - R. Hachimura - D. Avdija,WAS,1,38.8,50.0,25.0,125.0,20.0,0.0,25.0,0.0,0.0,0.0,0.0,25.0,0.0,25.0,0.0,0.0,0.0,0.0,25.0,25.0,0.0,-25.0
444,R. Lopez - D. Bertans - B. Beal - R. Neto - A. Gill,WAS,2,38.7,90.0,30.0,90.0,33.3,10.0,10.0,100,20.0,30.0,66.7,10.0,30.0,40.0,10.0,10.0,10.0,10.0,10.0,0.0,30.0,50.0
445,R. Lopez - I. Smith - D. Bertans - C. Hutchison - G. Mathews,WAS,1,38.7,100.0,40.0,80.0,50.0,20.0,40.0,50.0,0.0,0.0,0.0,0.0,40.0,40.0,40.0,20.0,0.0,0.0,0.0,40.0,0.0,-40.0
446,R. Westbrook - D. Bertans - B. Beal - R. Hachimura - G. Mathews,WAS,4,38.6,105.3,42.1,78.9,53.3,0.0,21.1,0.0,21.1,26.3,80.0,0.0,15.8,15.8,26.3,15.8,5.3,0.0,0.0,36.8,21.1,-47.4
447,R. Lopez - I. Smith - D. Bertans - T. Brown Jr. - G. Mathews,WAS,1,38.5,175.0,50.0,87.5,57.1,0.0,25.0,0.0,75.0,87.5,85.7,25.0,12.5,37.5,0.0,0.0,25.0,0.0,0.0,0.0,50.0,25.0
448,B. Beal - A. Len - J. Robinson - I. Bonga - A. Gill,WAS,1,38.3,100.0,50.0,100.0,50.0,0.0,0.0,0.0,0.0,0.0,0.0,0.0,0.0,0.0,50.0,0.0,50.0,0.0,0.0,0.0,0.0,-50.0
449,B. Beal - A. Len - R. Neto - J. Robinson - A. Gill,WAS,1,38.3,200.0,100.0,100.0,100,0.0,0.0,0.0,0.0,0.0,0.0,0.0,100.0,100.0,100.0,0.0,0.0,0.0,0.0,0.0,0.0,200.0
450,I. Smith - B. Beal - A. Len - R. Neto - A. Gill,WAS,2,38.3,66.7,33.3,100.0,33.3,0.0,66.7,0.0,0.0,0.0,0.0,33.3,33.3,66.7,0.0,0.0,0.0,0.0,0.0,0.0,66.7,0.0
451,I. Smith - B. Beal - R. Hachimura - D. Gafford - D. Avdija,WAS,1,38.3,120.0,40.0,100.0,40.0,0.0,0.0,0.0,40.0,40.0,100,20.0,0.0,20.0,20.0,0.0,20.0,0.0,0.0,20.0,20.0,-40.0
452,I. Smith - D. Bertans - B. Beal - A. Len - R. Neto,WAS,7,38.3,100.0,31.0,75.9,40.9,3.4,27.6,12.5,34.5,37.9,90.9,10.3,44.8,55.2,20.7,20.7,6.9,6.9,3.4,24.1,13.8,3.4
453,R. Lopez - I. Smith - B. Beal - J. Bell - D. Avdija,WAS,1,38.3,150.0,50.0,50.0,100,50.0,50.0,100,0.0,0.0,0.0,0.0,0.0,0.0,50.0,50.0,0.0,0.0,0.0,0.0,0.0,50.0
454,R. Lopez - I. Smith - B. Beal - R. Neto - D. Avdija,WAS,2,38.3,60.0,20.0,60.0,33.3,20.0,20.0,100,0.0,0.0,0.0,0.0,20.0,20.0,20.0,20.0,20.0,0.0,0.0,40.0,20.0,-60.0
455,R. Lopez - I. Smith - D. Bertans - R. Neto - G. Mathews,WAS,1,38.3,100.0,50.0,100.0,50.0,0.0,0.0,0.0,0.0,0.0,0.0,25.0,0.0,25.0,25.0,25.0,0.0,0.0,0.0,50.0,25.0,0.0
456,R. Lopez - I. Smith - R. Hachimura - G. Mathews - D. Avdija,WAS,1,38.3,0.0,0.0,116.7,0.0,0.0,16.7,0.0,0.0,33.3,0.0,50.0,16.7,66.7,0.0,16.7,33.3,0.0,0.0,0.0,16.7,-66.7
457,R. Neto - C. Hutchison - I. Bonga - G. Mathews - C. Winston,WAS,1,38.3,0.0,0.0,33.3,0.0,0.0,0.0,0.0,0.0,0.0,0.0,0.0,33.3,33.3,0.0,33.3,0.0,0.0,0.0,0.0,0.0,-166.7
458,I. Smith - D. Bertans - C. Hutchison - R. Hachimura - D. Gafford,WAS,2,38.2,109.1,36.4,63.6,57.1,9.1,18.2,50.0,27.3,27.3,100,9.1,36.4,45.5,27.3,9.1,0.0,18.2,9.1,18.2,27.3,9.1
459,R. Westbrook - D. Bertans - A. Len - R. Neto - G. Mathews,WAS,2,38.2,100.0,23.5,58.8,40.0,11.8,29.4,40.0,41.2,52.9,77.8,11.8,11.8,23.5,11.8,5.9,5.9,0.0,0.0,11.8,41.2,-17.6
460,R. Westbrook - D. Bertans - B. Beal - T. Bryant - I. Bonga,WAS,1,38.2,0.0,0.0,100.0,0.0,0.0,0.0,0.0,0.0,0.0,0.0,50.0,0.0,50.0,0.0,0.0,0.0,0.0,0.0,50.0,0.0,-200.0
461,I. Smith - C. Hutchison - R. Hachimura - D. Gafford - A. Gill,WAS,1,38.1,66.7,16.7,66.7,25.0,0.0,16.7,0.0,33.3,33.3,100,0.0,33.3,33.3,0.0,16.7,0.0,0.0,0.0,16.7,16.7,-50.0
462,R. Westbrook - B. Beal - R. Neto - T. Bryant - J. Robinson,WAS,1,38.1,116.7,33.3,66.7,50.0,16.7,33.3,50.0,33.3,33.3,100,0.0,33.3,33.3,16.7,0.0,0.0,0.0,0.0,16.7,16.7,0.0
463,R. Westbrook - I. Smith - D. Bertans - A. Len - R. Neto,WAS,1,38.1,60.0,20.0,93.3,21.4,0.0,33.3,0.0,20.0,26.7,75.0,6.7,20.0,26.7,6.7,6.7,13.3,0.0,6.7,26.7,13.3,-66.7
464,D. Bertans - B. Beal - R. Neto - T. Bryant - T. Brown Jr.,WAS,2,37.8,105.9,41.2,82.4,50.0,0.0,23.5,0.0,23.5,23.5,100,5.9,11.8,17.6,17.6,11.8,5.9,0.0,0.0,23.5,17.6,-41.2
465,I. Smith - B. Beal - R. Neto - T. Bryant - D. Avdija,WAS,1,37.8,50.0,16.7,83.3,20.0,16.7,66.7,25.0,0.0,0.0,0.0,16.7,33.3,50.0,16.7,16.7,0.0,16.7,0.0,16.7,16.7,-66.7
466,R. Westbrook - B. Beal - A. Len - I. Bonga - G. Mathews,WAS,1,37.8,66.7,33.3,33.3,100,0.0,0.0,0.0,0.0,0.0,0.0,0.0,0.0,0.0,0.0,33.3,0.0,0.0,0.0,66.7,0.0,-33.3
467,R. Westbrook - B. Beal - A. Len - J. Robinson - G. Mathews,WAS,1,37.7,180.0,60.0,80.0,75.0,20.0,40.0,50.0,40.0,40.0,100,20.0,0.0,20.0,20.0,0.0,0.0,0.0,0.0,0.0,40.0,40.0
468,R. Westbrook - I. Smith - D. Bertans - B. Beal - R. Hachimura,WAS,2,37.7,150.0,50.0,62.5,80.0,12.5,25.0,50.0,37.5,37.5,100,0.0,37.5,37.5,37.5,0.0,0.0,0.0,0.0,12.5,25.0,37.5
469,R. Westbrook - B. Beal - T. Bryant - T. Brown Jr. - I. Bonga,WAS,1,37.6,28.6,14.3,85.7,16.7,0.0,28.6,0.0,0.0,0.0,0.0,14.3,42.9,57.1,14.3,14.3,14.3,0.0,0.0,14.3,0.0,-85.7
470,I. Smith - D. Bertans - A. Len - R. Neto - C. Hutchison,WAS,1,37.5,125.0,50.0,50.0,100,0.0,0.0,0.0,25.0,50.0,50.0,0.0,25.0,25.0,0.0,0.0,0.0,0.0,0.0,0.0,50.0,75.0
471,R. Lopez - R. Neto - R. Hachimura - I. Bonga - D. Avdija,WAS,1,37.5,66.7,33.3,83.3,40.0,0.0,16.7,0.0,0.0,0.0,0.0,0.0,33.3,33.3,16.7,0.0,16.7,0.0,16.7,16.7,0.0,-33.3
472,R. Westbrook - B. Beal - R. Neto - M. Wagner - R. Hachimura,WAS,1,37.5,0.0,0.0,50.0,0.0,0.0,50.0,0.0,0.0,0.0,0.0,0.0,50.0,50.0,0.0,50.0,0.0,0.0,0.0,0.0,0.0,0.0
473,I. Smith - T. Brown Jr. - R. Hachimura - G. Mathews - D. Avdija,WAS,1,37.4,142.9,50.0,107.1,46.7,28.6,64.3,44.4,14.3,14.3,100,14.3,42.9,57.1,21.4,0.0,7.1,0.0,7.1,21.4,7.1,64.3
474,B. Beal - A. Len - G. Mathews - C. Winston - A. Gill,WAS,1,37.2,66.7,33.3,66.7,50.0,0.0,0.0,0.0,0.0,0.0,0.0,0.0,33.3,33.3,0.0,0.0,0.0,0.0,0.0,0.0,0.0,0.0
475,B. Beal - A. Len - R. Neto - R. Hachimura - G. Mathews,WAS,10,37.1,78.8,27.3,54.5,50.0,3.0,9.1,33.3,21.2,33.3,63.6,0.0,33.3,33.3,15.2,21.2,6.1,0.0,3.0,21.2,21.2,-27.3
476,B. Beal - J. Bell - G. Mathews - C. Winston - A. Gill,WAS,1,36.7,0.0,0.0,100.0,0.0,0.0,66.7,0.0,0.0,0.0,0.0,0.0,0.0,0.0,0.0,0.0,33.3,0.0,0.0,0.0,0.0,-66.7
477,B. Beal - R. Neto - R. Hachimura - I. Bonga - D. Gafford,WAS,1,36.7,0.0,0.0,0.0,0.0,0.0,0.0,0.0,0.0,0.0,0.0,0.0,0.0,0.0,0.0,100.0,0.0,0.0,0.0,100.0,0.0,-200.0
478,R. Westbrook - D. Bertans - B. Beal - M. Wagner - D. Avdija,WAS,3,36.7,139.1,43.5,60.9,71.4,17.4,30.4,57.1,34.8,47.8,72.7,4.3,43.5,47.8,30.4,21.7,13.0,4.3,4.3,30.4,34.8,73.9
479,R. Westbrook - D. Bertans - R. Neto - R. Hachimura - I. Bonga,WAS,1,36.7,83.3,33.3,83.3,40.0,0.0,16.7,0.0,16.7,16.7,100,0.0,50.0,50.0,16.7,16.7,16.7,0.0,16.7,0.0,16.7,0.0
480,R. Westbrook - D. Bertans - R. Neto - T. Bryant - D. Avdija,WAS,1,36.7,0.0,0.0,100.0,0.0,0.0,66.7,0.0,0.0,0.0,0.0,33.3,33.3,66.7,0.0,0.0,33.3,0.0,0.0,0.0,0.0,-100.0
481,R. Westbrook - B. Beal - R. Neto - D. Gafford - G. Mathews,WAS,2,36.4,122.2,38.9,83.3,46.7,16.7,27.8,60.0,27.8,50.0,55.6,16.7,33.3,50.0,27.8,11.1,11.1,5.6,11.1,16.7,27.8,33.3
482,D. Bertans - M. Wagner - I. Bonga - C. Winston - A. Gill,WAS,1,36.3,40.0,0.0,60.0,0.0,0.0,60.0,0.0,40.0,40.0,100,0.0,80.0,80.0,0.0,0.0,0.0,0.0,0.0,20.0,20.0,0.0
483,I. Smith - D. Bertans - R. Neto - T. Bryant - D. Avdija,WAS,1,36.3,80.0,20.0,60.0,33.3,0.0,20.0,0.0,40.0,60.0,66.7,0.0,40.0,40.0,20.0,0.0,0.0,40.0,0.0,0.0,60.0,40.0
484,R. Lopez - J. Robinson - R. Hachimura - D. Avdija - C. Winston,WAS,1,36.3,125.0,50.0,100.0,50.0,0.0,25.0,0.0,25.0,25.0,100,0.0,25.0,25.0,25.0,0.0,0.0,25.0,0.0,0.0,25.0,0.0
485,R. Westbrook - R. Lopez - I. Smith - B. Beal - I. Bonga,WAS,1,36.2,88.9,33.3,55.6,60.0,0.0,22.2,0.0,22.2,22.2,100,11.1,44.4,55.6,11.1,44.4,11.1,0.0,0.0,22.2,11.1,22.2
486,B. Beal - R. Neto - M. Wagner - I. Bonga - G. Mathews,WAS,1,36.1,133.3,33.3,33.3,100,33.3,33.3,100,33.3,33.3,100,0.0,0.0,0.0,0.0,66.7,0.0,0.0,0.0,0.0,33.3,-33.3
487,I. Smith - B. Beal - R. Neto - D. Gafford - A. Gill,WAS,1,36.1,66.7,33.3,33.3,100,0.0,0.0,0.0,0.0,0.0,0.0,0.0,33.3,33.3,33.3,33.3,33.3,33.3,0.0,0.0,33.3,66.7
488,I. Smith - D. Bertans - B. Beal - T. Bryant - D. Avdija,WAS,4,36.1,172.7,54.5,63.6,85.7,27.3,36.4,75.0,36.4,36.4,100,9.1,0.0,9.1,27.3,27.3,0.0,9.1,0.0,27.3,36.4,63.6
489,J. Bell - C. Hutchison - I. Bonga - C. Winston - A. Gill,WAS,1,36.1,66.7,33.3,100.0,33.3,0.0,0.0,0.0,0.0,0.0,0.0,33.3,66.7,100.0,0.0,0.0,0.0,0.0,0.0,0.0,0.0,66.7
490,D. Bertans - B. Beal - A. Len - T. Brown Jr. - G. Mathews,WAS,1,36.0,42.9,14.3,85.7,16.7,0.0,42.9,0.0,14.3,28.6,50.0,42.9,14.3,57.1,0.0,42.9,14.3,14.3,14.3,14.3,28.6,-71.4
491,R. Lopez - D. Bertans - R. Neto - J. Robinson - D. Avdija,WAS,1,35.9,91.7,33.3,66.7,50.0,8.3,16.7,50.0,16.7,25.0,66.7,8.3,8.3,16.7,16.7,25.0,8.3,8.3,0.0,25.0,25.0,25.0
492,B. Beal - R. Neto - R. Hachimura - D. Gafford - G. Mathews,WAS,1,35.8,75.0,25.0,75.0,33.3,0.0,0.0,0.0,25.0,25.0,100,0.0,100.0,100.0,25.0,0.0,0.0,50.0,0.0,0.0,0.0,75.0
493,I. Smith - A. Len - C. Hutchison - R. Hachimura - G. Mathews,WAS,1,35.8,0.0,0.0,100.0,0.0,0.0,50.0,0.0,0.0,0.0,0.0,50.0,0.0,50.0,0.0,0.0,0.0,0.0,0.0,0.0,50.0,-100.0
494,R. Westbrook - B. Beal - R. Hachimura - I. Bonga - D. Gafford,WAS,1,35.8,0.0,0.0,50.0,0.0,0.0,0.0,0.0,0.0,0.0,0.0,0.0,0.0,0.0,0.0,0.0,0.0,0.0,0.0,0.0,0.0,-150.0
495,R. Westbrook - D. Bertans - B. Beal - R. Neto - T. Bryant,WAS,2,35.7,133.3,33.3,66.7,50.0,22.2,55.6,40.0,44.4,44.4,100,11.1,0.0,11.1,22.2,33.3,11.1,0.0,0.0,11.1,55.6,55.6
496,R. Westbrook - I. Smith - T. Bryant - T. Brown Jr. - I. Bonga,WAS,1,35.6,0.0,0.0,50.0,0.0,0.0,50.0,0.0,0.0,0.0,0.0,0.0,25.0,25.0,0.0,0.0,0.0,0.0,0.0,25.0,0.0,-75.0
497,R. Westbrook - B. Beal - R. Neto - R. Hachimura - D. Avdija,WAS,4,35.4,120.0,40.0,53.3,75.0,13.3,20.0,66.7,26.7,26.7,100,0.0,46.7,46.7,33.3,13.3,6.7,0.0,0.0,6.7,13.3,53.3
498,B. Beal - R. Neto - J. Bell - J. Robinson - G. Mathews,WAS,1,35.3,133.3,50.0,66.7,75.0,0.0,16.7,0.0,33.3,33.3,100,0.0,50.0,50.0,16.7,0.0,0.0,0.0,0.0,16.7,33.3,66.7
499,R. Westbrook - B. Beal - R. Neto - D. Gafford - A. Gill,WAS,2,35.2,125.0,50.0,75.0,66.7,0.0,0.0,0.0,25.0,25.0,100,25.0,50.0,75.0,50.0,0.0,0.0,0.0,25.0,50.0,0.0,-75.0
500,R. Westbrook - R. Lopez - R. Hachimura - G. Mathews - D. Avdija,WAS,3,35.2,85.0,35.0,60.0,58.3,5.0,5.0,100,10.0,20.0,50.0,0.0,30.0,30.0,25.0,25.0,5.0,5.0,10.0,20.0,20.0,-10.0
501,R. Lopez - R. Neto - D. Gafford - G. Mathews - D. Avdija,WAS,1,35.0,150.0,50.0,50.0,100,0.0,0.0,0.0,50.0,50.0,100,0.0,50.0,50.0,0.0,0.0,0.0,0.0,0.0,0.0,0.0,50.0
502,R. Westbrook - B. Beal - A. Len - T. Brown Jr. - D. Avdija,WAS,1,35.0,0.0,0.0,33.3,0.0,0.0,0.0,0.0,0.0,0.0,0.0,0.0,33.3,33.3,0.0,33.3,0.0,0.0,33.3,33.3,0.0,-100.0
503,R. Westbrook - I. Smith - D. Bertans - R. Neto - A. Gill,WAS,1,35.0,87.5,37.5,87.5,42.9,12.5,25.0,50.0,0.0,0.0,0.0,0.0,37.5,37.5,37.5,0.0,0.0,0.0,0.0,12.5,0.0,-37.5
504,I. Smith - M. Wagner - R. Hachimura - G. Mathews - D. Avdija,WAS,1,34.7,140.0,60.0,80.0,75.0,20.0,20.0,100,0.0,0.0,0.0,0.0,0.0,0.0,40.0,20.0,20.0,0.0,0.0,0.0,0.0,40.0
505,R. Westbrook - R. Lopez - T. Brown Jr. - R. Hachimura - D. Avdija,WAS,1,34.5,0.0,0.0,20.0,0.0,0.0,0.0,0.0,0.0,0.0,0.0,0.0,20.0,20.0,0.0,80.0,0.0,0.0,20.0,40.0,0.0,-140.0
506,B. Beal - A. Len - J. Robinson - G. Mathews - C. Winston,WAS,1,34.3,80.0,40.0,80.0,50.0,0.0,20.0,0.0,0.0,0.0,0.0,0.0,80.0,80.0,0.0,0.0,0.0,20.0,0.0,0.0,20.0,40.0
507,I. Smith - D. Bertans - B. Beal - D. Gafford - A. Gill,WAS,1,34.2,100.0,50.0,50.0,100,0.0,0.0,0.0,0.0,0.0,0.0,0.0,50.0,50.0,0.0,0.0,0.0,0.0,0.0,0.0,0.0,100.0
508,R. Lopez - I. Smith - B. Beal - G. Mathews - D. Avdija,WAS,1,34.2,0.0,0.0,100.0,0.0,0.0,50.0,0.0,0.0,0.0,0.0,0.0,0.0,0.0,0.0,0.0,50.0,0.0,0.0,0.0,0.0,0.0
509,R. Westbrook - B. Beal - R. Neto - T. Bryant - I. Bonga,WAS,1,33.9,0.0,0.0,66.7,0.0,0.0,66.7,0.0,0.0,0.0,0.0,0.0,66.7,66.7,0.0,0.0,0.0,0.0,0.0,0.0,33.3,0.0
510,I. Smith - A. Len - C. Hutchison - G. Mathews - D. Avdija,WAS,1,33.8,100.0,25.0,25.0,100,0.0,0.0,0.0,50.0,50.0,100,0.0,0.0,0.0,0.0,50.0,25.0,0.0,0.0,0.0,25.0,0.0
511,R. Lopez - B. Beal - J. Robinson - R. Hachimura - G. Mathews,WAS,1,33.3,0.0,0.0,0.0,0.0,0.0,0.0,0.0,0.0,0.0,0.0,0.0,0.0,0.0,0.0,100.0,0.0,0.0,0.0,100.0,0.0,0.0
512,R. Lopez - I. Smith - B. Beal - R. Neto - I. Bonga,WAS,1,33.3,100.0,50.0,100.0,50.0,0.0,0.0,0.0,0.0,0.0,0.0,0.0,0.0,0.0,0.0,0.0,0.0,0.0,50.0,50.0,0.0,-100.0
513,R. Lopez - R. Neto - J. Robinson - R. Hachimura - G. Mathews,WAS,1,33.3,75.0,25.0,50.0,50.0,25.0,25.0,100,0.0,0.0,0.0,0.0,0.0,0.0,25.0,25.0,0.0,0.0,0.0,25.0,0.0,-50.0
514,R. Westbrook - A. Len - R. Neto - T. Brown Jr. - G. Mathews,WAS,1,33.3,100.0,0.0,0.0,0.0,0.0,0.0,0.0,100.0,200.0,50.0,0.0,0.0,0.0,0.0,0.0,0.0,0.0,0.0,0.0,100.0,-200.0
515,R. Westbrook - R. Lopez - I. Smith - B. Beal - C. Hutchison,WAS,3,33.1,44.4,22.2,77.8,28.6,0.0,22.2,0.0,0.0,0.0,0.0,11.1,11.1,22.2,22.2,11.1,0.0,0.0,0.0,22.2,11.1,-144.4
516,R. Westbrook - D. Bertans - B. Beal - R. Neto - D. Avdija,WAS,1,32.6,116.7,33.3,66.7,50.0,16.7,50.0,33.3,33.3,33.3,100,0.0,16.7,16.7,33.3,16.7,0.0,0.0,0.0,33.3,33.3,0.0
517,D. Bertans - B. Beal - R. Neto - T. Bryant - J. Robinson,WAS,1,32.5,0.0,0.0,0.0,0.0,0.0,0.0,0.0,0.0,0.0,0.0,0.0,0.0,0.0,0.0,100.0,50.0,0.0,0.0,100.0,0.0,-250.0
518,R. Lopez - B. Beal - R. Neto - J. Robinson - I. Bonga,WAS,1,32.5,25.0,12.5,75.0,16.7,0.0,12.5,0.0,0.0,0.0,0.0,0.0,25.0,25.0,0.0,12.5,12.5,0.0,0.0,0.0,0.0,-100.0
519,I. Smith - B. Beal - A. Len - R. Neto - D. Avdija,WAS,2,32.2,50.0,16.7,50.0,33.3,0.0,16.7,0.0,16.7,33.3,50.0,0.0,50.0,50.0,0.0,16.7,0.0,0.0,0.0,0.0,16.7,-16.7
520,R. Westbrook - I. Smith - M. Wagner - R. Hachimura - G. Mathews,WAS,1,32.2,133.3,66.7,100.0,66.7,0.0,0.0,0.0,0.0,0.0,0.0,0.0,16.7,16.7,16.7,0.0,33.3,0.0,16.7,16.7,16.7,83.3
521,R. Westbrook - J. Robinson - D. Gafford - G. Mathews - D. Avdija,WAS,1,32.2,0.0,0.0,50.0,0.0,0.0,33.3,0.0,0.0,0.0,0.0,0.0,33.3,33.3,0.0,33.3,16.7,0.0,0.0,33.3,0.0,-100.0
522,I. Smith - B. Beal - A. Len - R. Hachimura - D. Avdija,WAS,8,31.9,92.0,36.0,60.0,60.0,8.0,20.0,40.0,12.0,12.0,100,8.0,24.0,32.0,24.0,20.0,0.0,4.0,4.0,12.0,12.0,-16.0
523,R. Westbrook - D. Bertans - C. Hutchison - R. Hachimura - D. Gafford,WAS,2,31.7,40.0,20.0,60.0,33.3,0.0,0.0,0.0,0.0,0.0,0.0,0.0,60.0,60.0,0.0,40.0,0.0,0.0,20.0,20.0,0.0,-20.0
524,R. Westbrook - I. Smith - R. Neto - C. Hutchison - D. Gafford,WAS,1,31.7,0.0,0.0,50.0,0.0,0.0,50.0,0.0,0.0,0.0,0.0,0.0,0.0,0.0,0.0,50.0,0.0,50.0,0.0,50.0,0.0,-100.0
525,R. Westbrook - R. Lopez - D. Bertans - G. Mathews - A. Gill,WAS,1,31.3,100.0,25.0,125.0,20.0,0.0,25.0,0.0,50.0,50.0,100,25.0,50.0,75.0,0.0,0.0,0.0,0.0,0.0,25.0,25.0,100.0
526,R. Westbrook - R. Lopez - R. Neto - C. Hutchison - R. Hachimura,WAS,1,31.1,133.3,50.0,66.7,75.0,0.0,0.0,0.0,33.3,50.0,66.7,0.0,16.7,16.7,50.0,16.7,16.7,0.0,16.7,16.7,50.0,100.0
527,I. Smith - D. Bertans - B. Beal - M. Wagner - D. Avdija,WAS,1,30.8,75.0,25.0,50.0,50.0,0.0,25.0,0.0,25.0,50.0,50.0,0.0,25.0,25.0,0.0,0.0,25.0,0.0,0.0,0.0,25.0,75.0
528,R. Neto - R. Hachimura - D. Gafford - G. Mathews - D. Avdija,WAS,1,30.8,100.0,50.0,100.0,50.0,0.0,0.0,0.0,0.0,0.0,0.0,50.0,50.0,100.0,0.0,50.0,0.0,0.0,0.0,0.0,50.0,100.0
529,R. Westbrook - I. Smith - D. Bertans - R. Neto - D. Gafford,WAS,2,30.4,25.0,0.0,25.0,0.0,0.0,0.0,0.0,25.0,50.0,50.0,0.0,25.0,25.0,0.0,25.0,25.0,0.0,0.0,0.0,25.0,-50.0
530,R. Lopez - D. Bertans - B. Beal - G. Mathews - A. Gill,WAS,1,30.0,0.0,0.0,50.0,0.0,0.0,50.0,0.0,0.0,0.0,0.0,0.0,0.0,0.0,0.0,0.0,0.0,0.0,0.0,50.0,0.0,-100.0
531,R. Westbrook - D. Bertans - R. Neto - R. Hachimura - D. Avdija,WAS,2,29.6,0.0,0.0,0.0,0.0,0.0,0.0,0.0,0.0,0.0,0.0,0.0,0.0,0.0,0.0,0.0,0.0,0.0,0.0,50.0,0.0,-150.0
532,I. Smith - D. Bertans - B. Beal - R. Neto - T. Bryant,WAS,2,29.4,33.3,0.0,66.7,0.0,0.0,33.3,0.0,33.3,66.7,50.0,0.0,66.7,66.7,0.0,0.0,33.3,0.0,0.0,66.7,33.3,33.3
533,R. Neto - J. Robinson - I. Bonga - D. Gafford - G. Mathews,WAS,1,29.2,100.0,50.0,50.0,100,0.0,0.0,0.0,0.0,0.0,0.0,0.0,0.0,0.0,0.0,50.0,0.0,0.0,0.0,50.0,50.0,100.0
534,R. Westbrook - D. Bertans - B. Beal - R. Neto - R. Hachimura,WAS,7,29.1,130.8,23.1,53.8,42.9,7.7,15.4,50.0,76.9,92.3,83.3,7.7,7.7,15.4,7.7,0.0,0.0,0.0,0.0,38.5,53.8,-84.6
535,D. Bertans - B. Beal - R. Neto - R. Hachimura - I. Bonga,WAS,1,28.9,0.0,0.0,66.7,0.0,0.0,0.0,0.0,0.0,0.0,0.0,0.0,66.7,66.7,0.0,0.0,0.0,0.0,0.0,0.0,33.3,0.0
536,R. Westbrook - R. Lopez - D. Bertans - B. Beal - A. Gill,WAS,1,28.3,0.0,0.0,100.0,0.0,0.0,0.0,0.0,0.0,0.0,0.0,0.0,0.0,0.0,0.0,0.0,0.0,0.0,0.0,0.0,0.0,0.0
537,I. Smith - A. Len - R. Neto - G. Mathews - D. Avdija,WAS,1,27.9,50.0,0.0,25.0,0.0,0.0,0.0,0.0,50.0,50.0,100,0.0,50.0,50.0,0.0,0.0,25.0,0.0,0.0,0.0,50.0,50.0
538,R. Westbrook - D. Bertans - B. Beal - C. Hutchison - D. Gafford,WAS,2,27.8,122.2,44.4,66.7,66.7,11.1,11.1,100,22.2,22.2,100,0.0,22.2,22.2,33.3,11.1,11.1,11.1,0.0,22.2,11.1,33.3
539,R. Westbrook - B. Beal - A. Len - G. Mathews - D. Avdija,WAS,1,27.5,100.0,50.0,100.0,50.0,0.0,50.0,0.0,0.0,0.0,0.0,0.0,50.0,50.0,0.0,0.0,0.0,0.0,0.0,50.0,50.0,0.0
540,D. Bertans - A. Len - R. Neto - G. Mathews - D. Avdija,WAS,1,27.2,0.0,0.0,16.7,0.0,0.0,0.0,0.0,0.0,0.0,0.0,0.0,16.7,16.7,0.0,66.7,16.7,0.0,16.7,33.3,16.7,-50.0
541,R. Westbrook - A. Len - R. Hachimura - I. Bonga - G. Mathews,WAS,2,26.9,50.0,25.0,75.0,33.3,0.0,25.0,0.0,0.0,0.0,0.0,0.0,0.0,0.0,0.0,0.0,25.0,25.0,0.0,0.0,0.0,-25.0
542,I. Smith - D. Bertans - A. Len - R. Neto - D. Avdija,WAS,1,26.7,0.0,0.0,0.0,0.0,0.0,0.0,0.0,0.0,200.0,0.0,0.0,0.0,0.0,0.0,0.0,0.0,0.0,0.0,0.0,100.0,0.0
543,R. Lopez - D. Bertans - B. Beal - R. Neto - G. Mathews,WAS,2,25.2,166.7,33.3,55.6,60.0,22.2,44.4,50.0,77.8,88.9,87.5,11.1,11.1,22.2,22.2,0.0,0.0,0.0,0.0,0.0,44.4,100.0
544,R. Westbrook - I. Smith - D. Bertans - A. Len - G. Mathews,WAS,1,25.0,0.0,0.0,0.0,0.0,0.0,0.0,0.0,0.0,0.0,0.0,0.0,0.0,0.0,0.0,100.0,0.0,100.0,0.0,0.0,0.0,0.0
545,R. Lopez - R. Neto - R. Hachimura - G. Mathews - D. Avdija,WAS,1,24.5,100.0,42.9,57.1,75.0,14.3,14.3,100,0.0,0.0,0.0,0.0,42.9,42.9,28.6,28.6,0.0,14.3,0.0,0.0,14.3,71.4
546,R. Westbrook - R. Lopez - D. Bertans - B. Beal - T. Brown Jr.,WAS,1,23.3,0.0,0.0,50.0,0.0,0.0,0.0,0.0,0.0,0.0,0.0,0.0,0.0,0.0,0.0,0.0,0.0,0.0,0.0,0.0,0.0,-100.0
547,R. Westbrook - R. Lopez - D. Bertans - G. Mathews - D. Avdija,WAS,1,23.3,0.0,0.0,50.0,0.0,0.0,0.0,0.0,0.0,0.0,0.0,0.0,50.0,50.0,0.0,0.0,0.0,0.0,0.0,50.0,0.0,0.0
548,R. Westbrook - D. Bertans - B. Beal - R. Neto - I. Bonga,WAS,1,23.0,100.0,25.0,25.0,100,0.0,0.0,0.0,50.0,50.0,100,0.0,50.0,50.0,25.0,25.0,0.0,0.0,0.0,0.0,25.0,0.0
549,R. Westbrook - D. Bertans - R. Neto - D. Gafford - G. Mathews,WAS,1,22.5,150.0,0.0,0.0,0.0,0.0,0.0,0.0,150.0,200.0,75.0,0.0,50.0,50.0,0.0,0.0,0.0,0.0,0.0,0.0,100.0,50.0
550,R. Westbrook - B. Beal - T. Bryant - T. Brown Jr. - D. Avdija,WAS,1,21.7,150.0,50.0,100.0,50.0,0.0,0.0,0.0,50.0,50.0,100,0.0,0.0,0.0,0.0,50.0,0.0,0.0,0.0,0.0,50.0,50.0
551,D. Bertans - C. Hutchison - R. Hachimura - D. Gafford - C. Winston,WAS,1,20.0,0.0,0.0,0.0,0.0,0.0,0.0,0.0,0.0,0.0,0.0,0.0,0.0,0.0,0.0,0.0,0.0,0.0,0.0,0.0,0.0,-200.0
552,D. Bertans - R. Neto - D. Gafford - G. Mathews - A. Gill,WAS,1,19.8,0.0,0.0,0.0,0.0,0.0,0.0,0.0,0.0,0.0,0.0,0.0,100.0,100.0,0.0,0.0,0.0,0.0,0.0,0.0,0.0,0.0
553,R. Lopez - I. Smith - B. Beal - J. Robinson - I. Bonga,WAS,1,18.3,0.0,0.0,0.0,0.0,0.0,0.0,0.0,0.0,0.0,0.0,0.0,0.0,0.0,0.0,0.0,0.0,0.0,0.0,0.0,0.0,-200.0
554,R. Westbrook - R. Lopez - B. Beal - G. Mathews - D. Avdija,WAS,1,18.3,100.0,0.0,0.0,0.0,0.0,0.0,0.0,100.0,200.0,50.0,0.0,0.0,0.0,0.0,0.0,0.0,0.0,0.0,0.0,100.0,100.0
555,R. Westbrook - R. Neto - R. Hachimura - G. Mathews - D. Avdija,WAS,1,18.3,0.0,0.0,100.0,0.0,0.0,66.7,0.0,0.0,0.0,0.0,0.0,0.0,0.0,0.0,0.0,0.0,0.0,0.0,66.7,0.0,-133.3
556,R. Westbrook - I. Smith - B. Beal - R. Hachimura - A. Gill,WAS,1,17.4,100.0,0.0,0.0,0.0,0.0,0.0,0.0,100.0,100.0,100,0.0,100.0,100.0,0.0,0.0,0.0,0.0,0.0,50.0,50.0,100.0
557,D. Bertans - R. Neto - J. Robinson - I. Bonga - D. Avdija,WAS,1,17.2,0.0,0.0,0.0,0.0,0.0,0.0,0.0,0.0,0.0,0.0,0.0,100.0,100.0,0.0,0.0,0.0,0.0,0.0,0.0,0.0,0.0
558,R. Westbrook - M. Wagner - R. Hachimura - I. Bonga - G. Mathews,WAS,1,16.7,300.0,100.0,100.0,100,100.0,100.0,100,0.0,0.0,0.0,0.0,0.0,0.0,100.0,0.0,0.0,0.0,0.0,0.0,0.0,300.0
559,R. Westbrook - I. Smith - D. Bertans - C. Hutchison - R. Hachimura,WAS,2,14.3,0.0,0.0,0.0,0.0,0.0,0.0,0.0,0.0,0.0,0.0,0.0,0.0,0.0,0.0,100.0,0.0,0.0,0.0,0.0,0.0,0.0
560,R. Westbrook - C. Hutchison - J. Robinson - R. Hachimura - D. Avdija,WAS,1,13.6,100.0,0.0,0.0,0.0,0.0,0.0,0.0,100.0,100.0,100,0.0,50.0,50.0,0.0,0.0,0.0,0.0,0.0,0.0,50.0,0.0
561,D. Bertans - R. Neto - R. Hachimura - G. Mathews - D. Avdija,WAS,1,13.2,0.0,0.0,0.0,0.0,0.0,0.0,0.0,0.0,0.0,0.0,0.0,50.0,50.0,0.0,50.0,0.0,0.0,0.0,50.0,0.0,-100.0
562,R. Westbrook - B. Beal - R. Neto - C. Hutchison - A. Gill,WAS,1,11.5,100.0,0.0,0.0,0.0,0.0,0.0,0.0,100.0,100.0,100,0.0,0.0,0.0,0.0,0.0,0.0,0.0,0.0,0.0,50.0,-150.0
563,R. Westbrook - I. Smith - D. Bertans - T. Bryant - J. Robinson,WAS,1,10.0,100.0,0.0,0.0,0.0,0.0,0.0,0.0,100.0,200.0,50.0,0.0,0.0,0.0,0.0,0.0,0.0,0.0,0.0,0.0,100.0,100.0
564,R. Westbrook - B. Beal - R. Neto - I. Bonga - D. Avdija,WAS,1,9.5,0.0,0.0,0.0,0.0,0.0,0.0,0.0,0.0,0.0,0.0,0.0,0.0,0.0,0.0,0.0,0.0,0.0,0.0,0.0,0.0,-133.3
565,R. Westbrook - I. Smith - C. Hutchison - G. Mathews - D. Avdija,WAS,1,9.0,0.0,0.0,0.0,0.0,0.0,0.0,0.0,0.0,0.0,0.0,0.0,0.0,0.0,0.0,0.0,0.0,0.0,0.0,0.0,0.0,-200.0
566,R. Westbrook - I. Smith - B. Beal - R. Hachimura - I. Bonga,WAS,1,7.2,200.0,0.0,0.0,0.0,0.0,0.0,0.0,200.0,200.0,100,0.0,100.0,100.0,0.0,0.0,0.0,0.0,0.0,0.0,100.0,200.0
567,R. Westbrook - D. Bertans - J. Robinson - R. Hachimura - I. Bonga,WAS,1,7.0,0.0,0.0,0.0,0.0,0.0,0.0,0.0,0.0,0.0,0.0,0.0,0.0,0.0,0.0,0.0,0.0,0.0,0.0,0.0,0.0,-300.0
568,R. Westbrook - I. Smith - B. Beal - R. Hachimura - G. Mathews,WAS,1,6.7,300.0,100.0,100.0,100,100.0,100.0,100,0.0,0.0,0.0,0.0,0.0,0.0,50.0,0.0,50.0,0.0,0.0,0.0,0.0,300.0
569,R. Westbrook - D. Bertans - B. Beal - R. Neto - G. Mathews,WAS,1,1.8,200.0,0.0,0.0,0.0,0.0,0.0,0.0,200.0,200.0,100,0.0,0.0,0.0,0.0,0.0,0.0,0.0,0.0,0.0,100.0,200.0
570,B. Beal - R. Neto - C. Hutchison - G. Mathews - A. Gill,WAS,1,0.0,0.0,0.0,0.0,0.0,0.0,0.0,0.0,0.0,0.0,0.0,0.0,0.0,0.0,0.0,0.0,0.0,0.0,0.0,0.0,0.0,0.0
571,D. Bertans - A. Len - R. Neto - I. Bonga - D. Avdija,WAS,1,0.0,0.0,0.0,0.0,0.0,0.0,0.0,0.0,0.0,0.0,0.0,0.0,0.0,0.0,0.0,0.0,0.0,0.0,0.0,0.0,0.0,0.0
572,D. Bertans - B. Beal - R. Neto - C. Hutchison - A. Gill,WAS,1,0.0,0.0,0.0,0.0,0.0,0.0,0.0,0.0,0.0,0.0,0.0,0.0,0.0,0.0,0.0,0.0,0.0,0.0,0.0,0.0,0.0,0.0
573,I. Smith - B. Beal - A. Len - R. Hachimura - G. Mathews,WAS,1,0.0,0.0,0.0,0.0,0.0,0.0,0.0,0.0,0.0,0.0,0.0,0.0,0.0,0.0,0.0,0.0,0.0,0.0,0.0,0.0,0.0,0.0
574,I. Smith - D. Bertans - B. Beal - T. Brown Jr. - R. Hachimura,WAS,1,0.0,0.0,0.0,0.0,0.0,0.0,0.0,0.0,0.0,0.0,0.0,0.0,0.0,0.0,0.0,0.0,0.0,0.0,0.0,0.0,0.0,0.0
575,R. Lopez - B. Beal - R. Neto - C. Hutchison - A. Gill,WAS,1,0.0,0.0,0.0,0.0,0.0,0.0,0.0,0.0,0.0,0.0,0.0,0.0,0.0,0.0,0.0,0.0,0.0,0.0,0.0,0.0,0.0,0.0
576,R. Lopez - D. Bertans - R. Neto - I. Bonga - C. Winston,WAS,1,0.0,0.0,0.0,0.0,0.0,0.0,0.0,0.0,0.0,0.0,0.0,0.0,0.0,0.0,0.0,0.0,0.0,0.0,0.0,0.0,0.0,0.0
577,R. Lopez - R. Neto - J. Robinson - G. Mathews - D. Avdija,WAS,1,0.0,0.0,0.0,0.0,0.0,0.0,0.0,0.0,0.0,0.0,0.0,0.0,0.0,0.0,0.0,0.0,0.0,0.0,0.0,0.0,0.0,0.0
578,R. Westbrook - A. Len - R. Neto - C. Hutchison - R. Hachimura,WAS,1,0.0,0.0,0.0,0.0,0.0,0.0,0.0,0.0,0.0,0.0,0.0,0.0,0.0,0.0,0.0,0.0,0.0,0.0,0.0,0.0,0.0,0.0
579,R. Westbrook - A. Len - R. Neto - R. Hachimura - D. Gafford,WAS,1,0.0,0.0,0.0,0.0,0.0,0.0,0.0,0.0,0.0,0.0,0.0,0.0,0.0,0.0,0.0,0.0,0.0,0.0,0.0,0.0,0.0,0.0
580,R. Westbrook - D. Bertans - R. Neto - I. Bonga - D. Avdija,WAS,1,0.0,0.0,0.0,0.0,0.0,0.0,0.0,0.0,0.0,0.0,0.0,0.0,0.0,0.0,0.0,0.0,0.0,0.0,0.0,0.0,0.0,0.0
581,R. Westbrook - I. Smith - B. Beal - T. Bryant - T. Brown Jr.,WAS,1,0.0,0.0,0.0,0.0,0.0,0.0,0.0,0.0,0.0,0.0,0.0,0.0,0.0,0.0,0.0,0.0,0.0,0.0,0.0,0.0,0.0,0.0
582,R. Westbrook - I. Smith - R. Neto - R. Hachimura - D. Gafford,WAS,1,0.0,0.0,0.0,0.0,0.0,0.0,0.0,0.0,0.0,0.0,0.0,0.0,0.0,0.0,0.0,0.0,0.0,0.0,0.0,0.0,0.0,0.0
583,R. Westbrook - R. Lopez - D. Bertans - R. Neto - C. Hutchison,WAS,1,0.0,0.0,0.0,0.0,0.0,0.0,0.0,0.0,0.0,0.0,0.0,0.0,0.0,0.0,0.0,0.0,0.0,0.0,0.0,0.0,0.0,0.0
584,R. Westbrook - R. Lopez - J. Robinson - G. Mathews - A. Gill,WAS,1,0.0,0.0,0.0,0.0,0.0,0.0,0.0,0.0,0.0,0.0,0.0,0.0,0.0,0.0,0.0,0.0,0.0,0.0,0.0,0.0,0.0,0.0
585,R. Westbrook - R. Neto - T. Brown Jr. - R. Hachimura - D. Avdija,WAS,1,0.0,0.0,0.0,0.0,0.0,0.0,0.0,0.0,0.0,0.0,0.0,0.0,0.0,0.0,0.0,0.0,0.0,0.0,0.0,0.0,0.0,0.0
586,T. Brown Jr. - M. Wagner - I. Bonga - D. Avdija - C. Winston,WAS,1,0.0,0.0,0.0,0.0,0.0,0.0,0.0,0.0,0.0,0.0,0.0,0.0,0.0,0.0,0.0,0.0,0.0,0.0,0.0,0.0,0.0,0.0
